4 12 60
0 35.057 -85.269 0 0 55200 0 0 0
1 35.038848 -85.14872 1 31699 33499 60 0 180
2 35.013409 -85.228188 1 32111 33911 60 0 181
3 35.008568 -85.211381 1 31669 33469 60 0 182
4 35.074146 -85.146364 1 34500 36300 60 0 183
5 35.040535 -85.184465 1 30773 32573 60 0 184
6 35.024155 -85.246448 1 32155 33955 60 0 185
7 35.041239 -85.16711 1 30724 32524 60 0 186
8 35.0083 -85.2069 1 31465 33265 60 0 187
9 35.066078 -85.157766 1 37500 39300 60 0 188
10 35.023687 -85.158543 1 33903 35703 60 0 189
11 35.029996 -85.152913 1 33900 35700 60 0 190
12 35.0083 -85.2069 1 33900 35700 60 0 191
13 35.074146 -85.146364 2 33574 35374 60 0 192
14 35.0083 -85.2069 1 34500 36300 60 0 193
15 35.052047 -85.132042 1 34500 36300 60 0 194
16 35.074146 -85.146364 2 34500 36300 60 0 195
17 35.0083 -85.2069 1 34500 36300 60 0 196
18 35.014926 -85.190781 1 30525 32325 60 0 197
19 35.0157 -85.1922 1 33138 34938 60 0 198
20 35.059308 -85.196166 1 34500 36300 60 0 199
21 35.051199 -85.242422 1 26100 27900 60 0 200
22 35.0424 -85.238659 1 28500 30300 60 0 201
23 35.054217 -85.185841 1 35700 37500 60 0 202
24 35.033276 -85.24157 1 25078 26878 60 0 203
25 35.0083 -85.2069 2 25467 27267 60 0 204
26 35.073416 -85.237885 1 26145 27945 60 0 205
27 35.024155 -85.246448 1 26283 28083 60 0 206
28 35.032793 -85.239713 2 27300 29100 60 0 207
29 35.043704 -85.149707 2 26399 28199 60 0 208
30 35.0083 -85.2069 1 50503 52303 60 0 209
31 35.018144 -85.193501 1 26807 28607 60 0 210
32 35.032854 -85.15476 1 26911 28711 60 0 211
33 35.0354 -85.1621 2 27098 28898 60 0 212
34 35.0157 -85.1922 1 27445 29245 60 0 213
35 35.052047 -85.132042 2 28500 30300 60 0 214
36 35.048556 -85.242571 1 27699 29499 60 0 215
37 35.0354 -85.1621 1 27897 29697 60 0 216
38 35.059785 -85.213619 1 28500 30300 60 0 217
39 35.024155 -85.246448 1 28088 29888 60 0 218
40 35.044303 -85.224108 1 28390 30190 60 0 219
41 35.040535 -85.184465 1 28540 30340 60 0 220
42 35.0523 -85.1776 1 29494 31294 60 0 221
43 35.054574 -85.146014 1 35700 37500 60 0 222
44 35.074146 -85.146364 1 46554 48354 60 0 223
45 35.055278 -85.135408 1 36300 38100 60 0 224
46 35.024155 -85.246448 1 41876 43676 60 0 225
47 35.043548 -85.157665 1 42900 44700 60 0 226
48 35.0354 -85.1621 1 47700 49500 60 0 227
49 35.071782 -85.155066 1 42900 44700 60 0 228
50 35.071804 -85.240502 1 42300 44100 60 0 229
51 35.033145 -85.151301 1 42986 44786 60 0 230
52 35.008568 -85.211381 1 45900 47700 60 0 231
53 35.024155 -85.246448 1 43500 45300 60 0 232
54 35.036822 -85.160418 1 43107 44907 60 0 233
55 35.0083 -85.2069 1 43500 45300 60 0 234
56 35.0354 -85.1621 1 44792 46592 60 0 235
57 35.011372 -85.21307 1 44934 46734 60 0 236
58 35.0083 -85.2069 1 45948 47748 60 0 237
59 35.0354 -85.1621 1 51300 53100 60 0 238
60 35.0354 -85.1621 1 46657 48457 60 0 239
61 35.072895 -85.162285 1 47760 49560 60 0 240
62 35.036735 -85.160391 1 47855 49655 60 0 241
63 35.025453 -85.17863 1 47901 49701 60 0 242
64 35.0083 -85.2069 1 24982 26782 60 0 243
65 35.030888 -85.156616 1 41526 43326 60 0 244
66 35.0083 -85.2069 2 35700 37500 60 0 245
67 35.024155 -85.246448 1 41100 42900 60 0 246
68 35.0083 -85.2069 1 41100 42900 60 0 247
69 35.0083 -85.2069 1 42900 44700 60 0 248
70 35.033794 -85.239677 1 36300 38100 60 0 249
71 35.038212 -85.149406 1 35976 37776 60 0 250
72 35.054574 -85.146014 1 36138 37938 60 0 251
73 35.051199 -85.242422 1 36300 38100 60 0 252
74 35.074146 -85.146364 1 37500 39300 60 0 253
75 35.017735 -85.162888 1 36650 38450 60 0 254
76 35.044303 -85.224108 1 36900 38700 60 0 255
77 35.024155 -85.246448 1 37525 39325 60 0 256
78 35.024155 -85.246448 1 38102 39902 60 0 257
79 35.074146 -85.146364 1 38350 40150 60 0 258
80 35.058876 -85.137362 1 41100 42900 60 0 259
81 35.00986 -85.216632 1 39185 40985 60 0 260
82 35.0354 -85.1621 1 39290 41090 60 0 261
83 35.029225 -85.15528 1 39450 41250 60 0 262
84 35.011036 -85.21486 1 39750 41550 60 0 263
85 35.056474 -85.140857 1 40500 42300 60 0 264
86 35.04263 -85.166273 1 40298 42098 60 0 265
87 35.0083 -85.2069 3 40784 42584 60 0 266
88 35.0083 -85.2069 1 41700 43500 60 0 267
89 35.038021 -85.240163 1 24733 26533 60 0 268
90 35.0231 -85.1948 1 21835 23635 60 0 269
91 35.054574 -85.146014 1 24453 26253 60 0 270
92 35.046486 -85.167064 1 3750 5550 60 0 271
93 35.061179 -85.210068 1 4094 5894 60 0 272
94 35.061062 -85.133705 1 4591 6391 60 0 273
95 35.045673 -85.137351 1 11700 13500 60 0 274
96 35.017177 -85.190174 1 9900 11700 60 0 275
97 35.019211 -85.226097 1 7111 8911 60 0 276
98 35.057449 -85.196418 1 7256 9056 60 0 277
99 35.03349 -85.241886 1 7524 9324 60 0 278
100 35.022239 -85.194821 1 3532 5332 60 0 279
101 35.050808 -85.148463 1 8700 10500 60 0 280
102 35.021036 -85.228633 1 8108 9908 60 0 281
103 35.0083 -85.2069 1 52500 54300 60 0 282
104 35.072583 -85.241279 1 8896 10696 60 0 283
105 35.044303 -85.224108 2 9900 11700 60 0 284
106 35.07224 -85.241006 1 9498 11298 60 0 285
107 35.0354 -85.1621 2 9628 11428 60 0 286
108 35.016289 -85.199959 1 10619 12419 60 0 287
109 35.039167 -85.239916 1 10897 12697 60 0 288
110 35.057449 -85.196418 1 7724 9524 60 0 289
111 35.048651 -85.13452 1 3496 5296 60 0 290
112 35.043037 -85.159078 1 3373 5173 60 0 291
113 35.031169 -85.231091 1 31500 33300 60 0 292
114 35.017735 -85.162888 1 24595 26395 60 0 293
115 35.013428 -85.228422 4 0 900 60 0 294
116 35.074146 -85.146364 1 35100 36900 60 0 295
117 35.04488 -85.161444 1 0 900 60 0 296
118 35.013428 -85.228422 1 0 900 60 0 297
119 35.055312 -85.135467 1 35100 36900 60 0 298
120 35.073981 -85.235024 1 3300 5100 60 0 299
121 35.05283 -85.241568 1 9900 11700 60 0 300
122 35.0083 -85.2069 1 0 1337 60 0 301
123 35.048716 -85.236514 1 1500 3300 60 0 302
124 35.049744 -85.238771 1 13500 15300 60 0 303
125 35.029996 -85.152913 1 51300 53100 60 0 304
126 35.022463 -85.195206 1 821 2621 60 0 305
127 35.038021 -85.240163 1 1148 2948 60 0 306
128 35.038021 -85.240163 1 7500 9300 60 0 307
129 35.024806 -85.178157 1 1684 3484 60 0 308
130 35.0083 -85.2069 1 4500 6300 60 0 309
131 35.0083 -85.2069 1 2459 4259 60 0 310
132 35.040741 -85.221496 1 50100 51900 60 0 311
133 35.024155 -85.246448 1 12300 14100 60 0 312
134 35.037181 -85.241014 1 43500 45300 60 0 313
135 35.02963 -85.230177 1 0 900 60 0 314
136 35.023827 -85.180296 1 12162 13962 60 0 315
137 35.030747 -85.153636 1 18945 20745 60 0 316
138 35.0083 -85.2069 1 19060 20860 60 0 317
139 35.021046 -85.141334 1 19339 21139 60 0 318
140 35.0083 -85.2069 1 19434 21234 60 0 319
141 35.074719 -85.168033 1 19711 21511 60 0 320
142 35.061802 -85.133796 1 19970 21770 60 0 321
143 35.03497 -85.159068 1 20129 21929 60 0 322
144 35.061802 -85.133796 1 21300 23100 60 0 323
145 35.03349 -85.241886 1 25500 27300 60 0 324
146 35.0083 -85.2069 1 20979 22779 60 0 325
147 35.022682 -85.16069 1 21558 23358 60 0 326
148 35.054574 -85.146014 1 24300 26100 60 0 327
149 35.059785 -85.213619 1 22165 23965 60 0 328
150 35.00986 -85.216632 1 22370 24170 60 0 329
151 35.033794 -85.239677 1 22841 24641 60 0 330
152 35.026195 -85.221012 2 24300 26100 60 0 331
153 35.024155 -85.246448 1 23951 25751 60 0 332
154 35.0354 -85.1621 1 11976 13776 60 0 333
155 35.013658 -85.227305 1 24420 26220 60 0 334
156 35.051266 -85.235119 1 19500 21300 60 0 335
157 35.072541 -85.190392 1 18404 20204 60 0 336
158 35.03349 -85.241886 1 25500 27300 60 0 337
159 35.048556 -85.242571 1 18244 20044 60 0 338
160 35.03497 -85.159068 1 20700 22500 60 0 339
161 35.03497 -85.159068 1 15300 17100 60 0 340
162 35.044696 -85.164301 1 15300 17100 60 0 341
163 35.029662 -85.23022 1 12607 14407 60 0 342
164 35.062649 -85.205853 1 12918 14718 60 0 343
165 35.04212 -85.23846 1 12934 14734 60 0 344
166 35.062649 -85.205853 1 13069 14869 60 0 345
167 35.036631 -85.240932 1 13568 15368 60 0 346
168 35.051199 -85.242422 1 14099 15899 60 0 347
169 35.024765 -85.246728 1 13216 15016 60 0 348
170 35.036631 -85.240932 1 14484 16284 60 0 349
171 35.0083 -85.2069 1 20700 22500 60 0 350
172 35.052047 -85.132042 1 17929 19729 60 0 351
173 35.021426 -85.159846 1 14409 16209 60 0 352
174 35.035094 -85.2392 1 16626 18426 60 0 353
175 35.033517 -85.143571 1 16635 18435 60 0 354
176 35.03497 -85.159068 1 14887 16687 60 0 355
177 35.022682 -85.16069 1 14814 16614 60 0 356
178 35.029996 -85.152913 1 14708 16508 60 0 357
179 35.043395 -85.238089 2 15858 17658 60 0 358
180 35.054574 -85.146014 -1 32849 34836 60 1 0
181 35.073423 -85.240913 -1 33652 35932 60 2 0
182 35.072936 -85.240604 -1 33364 35760 60 3 0
183 35.013658 -85.227305 -1 36204 38607 60 4 0
184 35.076074 -85.156636 -1 32264 34507 60 5 0
185 35.03286 -85.242462 -1 33179 35072 60 6 0
186 35.024793 -85.246738 -1 32268 34551 60 7 0
187 35.059785 -85.213619 -1 33115 35477 60 8 0
188 35.017177 -85.190174 -1 39044 41327 60 9 0
189 35.04212 -85.23846 -1 35657 38097 60 10 0
190 35.033794 -85.239677 -1 35680 38140 60 11 0
191 35.051199 -85.242422 -1 35478 37786 60 12 0
192 35.04488 -85.161444 -2 34860 36949 60 13 0
193 35.044303 -85.224108 -1 35944 38152 60 14 0
194 35.0354 -85.1621 -1 35883 38045 60 15 0
195 35.013658 -85.227305 -2 36204 38607 60 16 0
196 35.051266 -85.235119 -1 36009 38265 60 17 0
197 35.045778 -85.156229 -1 31985 34205 60 18 0
198 35.045778 -85.156229 -1 34521 36683 60 19 0
199 35.0083 -85.2069 -1 35956 38173 60 20 0
200 35.0083 -85.2069 -1 27678 29986 60 21 0
201 35.009534 -85.213112 -1 29832 31956 60 22 0
202 35.0083 -85.2069 -1 37115 39301 60 23 0
203 35.03145 -85.150691 -1 26861 29323 60 24 0
204 35.044303 -85.224108 -2 26911 29119 60 25 0
205 35.023824 -85.219453 -1 27603 29821 60 26 0
206 35.031756 -85.242255 -1 27248 29096 60 27 0
207 35.010724 -85.218213 -2 28545 30603 60 28 0
208 35.022463 -85.195206 -2 27727 29848 60 29 0
209 35.033794 -85.239677 -1 51923 54113 60 30 0
210 35.008568 -85.211381 -1 27938 29911 60 31 0
211 35.060755 -85.136598 -1 28235 30353 60 32 0
212 35.023285 -85.160866 -2 28283 30296 60 33 0
213 35.0354 -85.1621 -1 28708 30780 60 34 0
214 35.0354 -85.1621 -2 29883 32045 60 35 0
215 35.024155 -85.246448 -1 28840 30820 60 36 0
216 35.055278 -85.135408 -1 29302 31480 60 37 0
217 35.024155 -85.246448 -1 29940 32145 60 38 0
218 35.038021 -85.240163 -1 29110 31001 60 39 0
219 35.0083 -85.2069 -1 29834 32042 60 40 0
220 35.076074 -85.156636 -1 30031 32274 60 41 0
221 35.054217 -85.185841 -1 30479 32342 60 42 0
222 35.029996 -85.152913 -1 36925 38968 60 43 0
223 35.029968 -85.156058 -1 48016 50237 60 44 0
224 35.056474 -85.140857 -1 37345 39253 60 45 0
225 35.054405 -85.240704 -1 43105 45151 60 46 0
226 35.074146 -85.146364 -1 44210 46317 60 47 0
227 35.042605 -85.129262 -1 49058 51201 60 48 0
228 35.043778 -85.228412 -1 44496 46818 60 49 0
229 35.0083 -85.2069 -1 44029 46450 60 50 0
230 35.025967 -85.17111 -1 44226 46281 60 51 0
231 35.04212 -85.23846 -1 47303 49480 60 52 0
232 35.044303 -85.224108 -1 44677 46684 60 53 0
233 35.052315 -85.152748 -1 44376 46452 60 54 0
234 35.021036 -85.228633 -1 44751 46814 60 55 0
235 35.061802 -85.133796 -1 46156 48304 60 56 0
236 35.035098 -85.239234 -1 46270 48397 60 57 0
237 35.047092 -85.237302 -1 47424 49656 60 58 0
238 35.074146 -85.146364 -1 52810 55067 60 59 0
239 35.005371 -85.149155 -1 48045 50211 60 60 0
240 35.024155 -85.246448 -1 49469 51875 60 61 0
241 35.024806 -85.178157 -1 49079 51122 60 62 0
242 35.074146 -85.146364 -1 49379 51612 60 63 0
243 35.0523 -85.1776 -1 26413 28611 60 64 0
244 35.054574 -85.146014 -1 42799 44878 60 65 0
245 35.032793 -85.239713 -2 37097 39269 60 66 0
246 35.051199 -85.242422 -1 42285 44298 60 67 0
247 35.059785 -85.213619 -1 42750 45112 60 68 0
248 35.072896 -85.163234 -1 44511 46844 60 69 0
249 35.0083 -85.2069 -1 37720 39910 60 70 0
250 35.031319 -85.166267 -1 37158 39169 60 71 0
251 35.043556 -85.16685 -1 37199 39119 60 72 0
252 35.024155 -85.246448 -1 37489 39505 60 73 0
253 35.038021 -85.240163 -1 39255 41696 60 74 0
254 35.039593 -85.223351 -1 38269 40608 60 75 0
255 35.024155 -85.246448 -1 38084 40097 60 76 0
256 35.048716 -85.236514 -1 38621 40568 60 77 0
257 35.04212 -85.23846 -1 39157 41073 60 78 0
258 35.04488 -85.161444 -1 39636 41725 60 79 0
259 35.017618 -85.188851 -1 42557 44774 60 80 0
260 35.074146 -85.146364 -1 40818 43167 60 81 0
261 35.023827 -85.180296 -1 40498 42529 60 82 0
262 35.046924 -85.167007 -1 40636 42650 60 83 0
263 35.019211 -85.226097 -1 40847 42794 60 84 0
264 35.055278 -85.135408 -1 41549 43460 60 85 0
265 35.035098 -85.239234 -1 41885 44200 60 86 0
266 35.03286 -85.242462 -3 42200 44387 60 87 0
267 35.05283 -85.241568 -1 43292 45611 60 88 0
268 35.024155 -85.246448 -1 25755 27646 60 89 0
269 35.043704 -85.149707 -1 23176 25306 60 90 0
270 35.024611 -85.155682 -1 25739 27828 60 91 0
271 35.029098 -85.155252 -1 4938 6954 60 92 0
272 35.022682 -85.16069 -1 5815 8230 60 93 0
273 35.053905 -85.193558 -1 5930 8059 60 94 0
274 35.020791 -85.161142 -1 13045 15178 60 95 0
275 35.066078 -85.157766 -1 11445 13728 60 96 0
276 35.008759 -85.205521 -1 8335 10378 60 97 0
277 35.03783 -85.2403 -1 8575 10689 60 98 0
278 35.062649 -85.205853 -1 8886 11032 60 99 0
279 35.024793 -85.246738 -1 4881 7017 60 100 0
280 35.046292 -85.160716 -1 9745 11653 60 101 0
281 35.009534 -85.213112 -1 9247 11226 60 102 0
282 35.074146 -85.146364 -1 54168 56544 60 103 0
283 35.013428 -85.228422 -1 10424 12695 60 104 0
284 35.024155 -85.246448 -2 11084 13097 60 105 0
285 35.008568 -85.211381 -1 11201 13603 60 106 0
286 35.029996 -85.152913 -2 10834 12863 60 107 0
287 35.017578 -85.17321 -1 11714 13660 60 108 0
288 35.068084 -85.177759 -1 12504 14834 60 109 0
289 35.0083 -85.2069 -1 9155 11353 60 110 0
290 35.024793 -85.246738 -1 5315 7804 60 111 0
291 35.069041 -85.141132 -1 4793 6983 60 112 0
292 35.040741 -85.221496 -1 32645 34628 60 113 0
293 35.0354 -85.1621 -1 25795 27820 60 114 0
294 35.074146 -85.146364 -4 786 3175 60 115 0
295 35.02963 -85.230177 -1 36975 39506 60 116 0
296 35.074146 -85.146364 -1 377 2459 60 117 0
297 35.059308 -85.196166 -1 524 2717 60 118 0
298 35.073981 -85.235024 -1 36858 39301 60 119 0
299 35.055312 -85.135467 -1 5051 7489 60 120 0
300 35.024155 -85.246448 -1 11102 13128 60 121 0
301 35.074146 -85.146364 -1 1205 3581 60 122 0
302 35.024155 -85.246448 -1 2599 4548 60 123 0
303 35.028346 -85.220447 -1 14726 16770 60 124 0
304 35.049744 -85.238771 -1 53050 55487 60 125 0
305 35.043704 -85.149707 -1 2170 4306 60 126 0
306 35.070451 -85.134726 -1 2963 5449 60 127 0
307 35.024155 -85.246448 -1 8522 10413 60 128 0
308 35.0354 -85.1621 -1 2888 4916 60 129 0
309 35.047969 -85.240431 -1 6006 8260 60 130 0
310 35.057449 -85.196418 -1 3921 6142 60 131 0
311 35.031169 -85.231091 -1 51242 53223 60 132 0
312 35.05471 -85.194245 -1 13652 15791 60 133 0
313 35.057449 -85.196418 -1 44826 46945 60 134 0
314 35.074146 -85.146364 -1 971 3499 60 135 0
315 35.021426 -85.159846 -1 13390 15436 60 136 0
316 35.033507 -85.143582 -1 20103 22096 60 137 0
317 35.031616 -85.154008 -1 20597 22874 60 138 0
318 35.013954 -85.157366 -1 20550 22583 60 139 0
319 35.036631 -85.240932 -1 20830 23002 60 140 0
320 35.038021 -85.240163 -1 21256 23539 60 141 0
321 35.054574 -85.146014 -1 20989 22878 60 142 0
322 35.017735 -85.162888 -1 21408 23492 60 143 0
323 35.0354 -85.1621 -1 22632 24756 60 144 0
324 35.0083 -85.2069 -1 26936 29138 60 145 0
325 35.031616 -85.154008 -1 22516 24793 60 146 0
326 35.0354 -85.1621 -1 22760 24786 60 147 0
327 35.061802 -85.133796 -1 25319 27208 60 148 0
328 35.0083 -85.2069 -1 23777 26111 60 149 0
329 35.070451 -85.134726 -1 24073 26475 60 150 0
330 35.024155 -85.246448 -1 23872 25770 60 151 0
331 35.041312 -85.153865 -2 25850 28137 60 152 0
332 35.048556 -85.242571 -1 25089 27067 60 153 0
333 35.026514 -85.170679 -1 13079 15031 60 154 0
334 35.048096 -85.240417 -1 25755 27881 60 155 0
335 35.024155 -85.246448 -1 20620 22585 60 156 0
336 35.039167 -85.239916 -1 19822 22010 60 157 0
337 35.024155 -85.246448 -1 26547 28457 60 158 0
338 35.024155 -85.246448 -1 19385 21365 60 159 0
339 35.045673 -85.137351 -1 22054 24194 60 160 0
340 35.016982 -85.150651 -1 16661 18806 60 161 0
341 35.07506 -85.183982 -1 16644 18777 60 162 0
342 35.02482 -85.245676 -1 13783 15790 60 163 0
343 35.03349 -85.241886 -1 14282 16430 60 164 0
344 35.023687 -85.158543 -1 14720 17184 60 165 0
345 35.0083 -85.2069 -1 14634 16932 60 166 0
346 35.0083 -85.2069 -1 14964 17136 60 167 0
347 35.028346 -85.220447 -1 15373 17453 60 168 0
348 35.041211 -85.167023 -1 14755 17034 60 169 0
349 35.0083 -85.2069 -1 15880 18052 60 170 0
350 35.0523 -85.1776 -1 22131 24329 60 171 0
351 35.0354 -85.1621 -1 19312 21474 60 172 0
352 35.0354 -85.1621 -1 15583 17588 60 173 0
353 35.030299 -85.189895 -1 18211 20524 60 174 0
354 35.030771 -85.153658 -1 17803 19804 60 175 0
355 35.022682 -85.16069 -1 16171 18259 60 176 0
356 35.0354 -85.1621 -1 16016 18042 60 177 0
357 35.00887 -85.205104 -1 16294 18608 60 178 0
358 35.024155 -85.246448 -2 16917 18836 60 179 0
