4 12 60
0 35.057 -85.269 0 0 55200 0 0 0
1 35.0083 -85.2069 1 34654 36454 60 0 128
2 35.0083 -85.2069 1 36620 38420 60 0 129
3 35.024155 -85.246448 1 36732 38532 60 0 130
4 35.0083 -85.2069 1 42300 44100 60 0 131
5 35.00887 -85.205104 1 42300 44100 60 0 132
6 35.029996 -85.152913 1 37708 39508 60 0 133
7 35.032793 -85.239713 1 37305 39105 60 0 134
8 35.012046 -85.214133 2 38700 40500 60 0 135
9 35.01376 -85.228013 1 38509 40309 60 0 136
10 35.055278 -85.135408 1 34476 36276 60 0 137
11 35.00986 -85.216632 1 39300 41100 60 0 138
12 35.0354 -85.1621 1 51300 53100 60 0 139
13 35.072556 -85.132552 1 33294 35094 60 0 140
14 35.07406 -85.189526 1 30033 31833 60 0 141
15 35.039796 -85.152085 1 32890 34690 60 0 142
16 35.0354 -85.1621 1 32700 34500 60 0 143
17 35.010885 -85.212529 1 32529 34329 60 0 144
18 35.024155 -85.246448 1 31661 33461 60 0 145
19 35.0625 -85.130063 1 32100 33900 60 0 146
20 35.043778 -85.228412 1 31500 33300 60 0 147
21 35.027838 -85.189589 1 30392 32192 60 0 148
22 35.029168 -85.219219 1 38800 40600 60 0 149
23 35.00887 -85.205104 1 30002 31802 60 0 150
24 35.008301 -85.206902 1 29617 31417 60 0 151
25 35.051199 -85.242422 1 29700 31500 60 0 152
26 35.043704 -85.149707 1 29100 30900 60 0 153
27 35.029996 -85.152913 1 29100 30900 60 0 154
28 35.061099 -85.133746 1 28489 30289 60 0 155
29 35.074146 -85.146364 1 33093 34893 60 0 156
30 35.024155 -85.246448 1 39300 41100 60 0 157
31 35.03349 -85.241886 1 42300 44100 60 0 158
32 35.061062 -85.133705 1 39813 41613 60 0 159
33 35.029996 -85.152913 1 27889 29689 60 0 160
34 35.035712 -85.1591 1 52598 54398 60 0 161
35 35.036412 -85.177124 1 50706 52506 60 0 162
36 35.024155 -85.246448 1 51300 53100 60 0 163
37 35.035712 -85.1591 1 49597 51397 60 0 164
38 35.029996 -85.152913 1 48525 50325 60 0 165
39 35.036705 -85.241348 1 47634 49434 60 0 166
40 35.0083 -85.2069 1 47535 49335 60 0 167
41 35.043717 -85.14968 1 47220 49020 60 0 168
42 35.025792 -85.15618 1 46828 48628 60 0 169
43 35.059319 -85.211197 1 46343 48143 60 0 170
44 35.023687 -85.158543 1 45900 47700 60 0 171
45 35.023686 -85.158546 1 43676 45476 60 0 172
46 35.046903 -85.167015 1 43653 45453 60 0 173
47 35.074248 -85.175808 1 43439 45239 60 0 174
48 35.055278 -85.135408 1 43339 45139 60 0 175
49 35.03349 -85.241886 2 47100 48900 60 0 176
50 35.024155 -85.246448 2 43500 45300 60 0 177
51 35.008568 -85.211381 1 42340 44140 60 0 178
52 35.042649 -85.157956 1 42102 43902 60 0 179
53 35.059497 -85.230071 1 42300 44100 60 0 180
54 35.011036 -85.21486 1 42900 44700 60 0 181
55 35.024155 -85.246448 1 41700 43500 60 0 182
56 35.05819 -85.230498 1 41209 43009 60 0 183
57 35.024611 -85.155682 1 41114 42914 60 0 184
58 35.022941 -85.219955 1 41700 43500 60 0 185
59 35.0083 -85.2069 1 40400 42200 60 0 186
60 35.024517 -85.246937 2 39928 41728 60 0 187
61 35.032494 -85.22985 1 39870 41670 60 0 188
62 35.024155 -85.246448 1 40500 42300 60 0 189
63 35.051521 -85.15314 1 43742 45542 60 0 190
64 35.033794 -85.239677 1 26820 28620 60 0 191
65 35.051377 -85.228932 1 26707 28507 60 0 192
66 35.0354 -85.1621 1 12604 14404 60 0 193
67 35.017476 -85.173279 1 12387 14187 60 0 194
68 35.04212 -85.23846 1 11096 12896 60 0 195
69 35.0354 -85.1621 1 10815 12615 60 0 196
70 35.072511 -85.241258 1 10261 12061 60 0 197
71 35.072243 -85.24101 1 9418 11218 60 0 198
72 35.051689 -85.242165 1 8997 10797 60 0 199
73 35.031678 -85.155323 1 8961 10761 60 0 200
74 35.049744 -85.238771 1 13500 15300 60 0 201
75 35.021036 -85.228633 1 8126 9926 60 0 202
76 35.049006 -85.149446 1 7736 9536 60 0 203
77 35.036631 -85.240932 1 8100 9900 60 0 204
78 35.057449 -85.196418 1 7235 9035 60 0 205
79 35.022463 -85.195206 1 13824 15624 60 0 206
80 35.019239 -85.226075 1 7229 9029 60 0 207
81 35.060602 -85.135087 1 4896 6696 60 0 208
82 35.034186 -85.232133 1 4472 6272 60 0 209
83 35.047249 -85.166964 1 3771 5571 60 0 210
84 35.040959 -85.188526 1 7500 9300 60 0 211
85 35.016289 -85.199959 1 1453 3253 60 0 212
86 35.022369 -85.197531 1 8100 9900 60 0 213
87 35.023977 -85.17966 1 0 1687 60 0 214
88 35.05283 -85.241568 1 6300 8100 60 0 215
89 35.071804 -85.240502 1 3300 5100 60 0 216
90 35.071552 -85.156378 1 300 2100 60 0 217
91 35.013432 -85.228443 1 300 2100 60 0 218
92 35.013428 -85.228422 1 300 2100 60 0 219
93 35.0083 -85.2069 1 29100 30900 60 0 220
94 35.024806 -85.178157 1 4947 6747 60 0 221
95 35.017761 -85.172293 1 13869 15669 60 0 222
96 35.051883 -85.16602 1 4240 6040 60 0 223
97 35.051884 -85.16602 1 15127 16927 60 0 224
98 35.017677 -85.189099 1 26662 28462 60 0 225
99 35.061062 -85.133705 1 14646 16446 60 0 226
100 35.055164 -85.127657 1 28500 30300 60 0 227
101 35.059785 -85.213619 1 26025 27825 60 0 228
102 35.024155 -85.246448 1 25866 27666 60 0 229
103 35.008454 -85.2126 1 27900 29700 60 0 230
104 35.061188 -85.136182 1 25093 26893 60 0 231
105 35.0083 -85.2069 1 27900 29700 60 0 232
106 35.016898 -85.191426 1 24351 26151 60 0 233
107 35.023882 -85.179782 1 24004 25804 60 0 234
108 35.0354 -85.1621 1 23703 25503 60 0 235
109 35.024155 -85.246448 1 23520 25320 60 0 236
110 35.045788 -85.156231 1 23393 25193 60 0 237
111 35.0424 -85.238659 1 23223 25023 60 0 238
112 35.0083 -85.2069 1 24793 26593 60 0 239
113 35.01464 -85.162548 1 22981 24781 60 0 240
114 35.03286 -85.242462 1 15974 17774 60 0 241
115 35.030502 -85.17694 1 16193 17993 60 0 242
116 35.010304 -85.218556 1 23203 25003 60 0 243
117 35.009534 -85.213112 1 16949 18749 60 0 244
118 35.035113 -85.239267 2 18010 19810 60 0 245
119 35.051199 -85.242422 1 18581 20381 60 0 246
120 35.008869 -85.205101 1 19219 21019 60 0 247
121 35.021046 -85.141334 1 18492 20292 60 0 248
122 35.041396 -85.223824 1 20097 21897 60 0 249
123 35.024155 -85.246448 1 21628 23428 60 0 250
124 35.0354 -85.1621 1 21869 23669 60 0 251
125 35.0083 -85.2069 1 22556 24356 60 0 252
126 35.04212 -85.23846 1 22688 24488 60 0 253
127 35.007019 -85.210118 1 24900 26700 60 0 254
128 35.010723 -85.218215 -1 35714 37634 60 1 0
129 35.019238 -85.226074 -1 37822 39848 60 2 0
130 35.041396 -85.223824 -1 37849 39811 60 3 0
131 35.057449 -85.196418 -1 43762 45983 60 4 0
132 35.072896 -85.163234 -1 43948 46309 60 5 0
133 35.055278 -85.135408 -1 39032 41150 60 6 0
134 35.026195 -85.221012 -1 38509 40537 60 7 0
135 35.013658 -85.227305 -2 39752 41666 60 8 0
136 35.073423 -85.240913 -1 40052 42334 60 9 0
137 35.029996 -85.152913 -1 35802 37921 60 10 0
138 35.074146 -85.146364 -1 40933 43282 60 11 0
139 35.043778 -85.228412 -1 52796 55043 60 12 0
140 35.044697 -85.164299 -1 34646 36785 60 13 0
141 35.039796 -85.152085 -1 31483 33695 60 14 0
142 35.025483 -85.156218 -1 34027 36004 60 15 0
143 35.055278 -85.135408 -1 34105 36283 60 16 0
144 35.021036 -85.228633 -1 33688 35682 60 17 0
145 35.051199 -85.242422 -1 32846 34859 60 18 0
146 35.0354 -85.1621 -1 33492 35661 60 19 0
147 35.024155 -85.246448 -1 32651 34639 60 20 0
148 35.024611 -85.155682 -1 31776 33939 60 21 0
149 35.076074 -85.156636 -1 40529 42950 60 22 0
150 35.030194 -85.232588 -1 31449 33659 60 23 0
151 35.05147 -85.241564 -1 31212 33533 60 24 0
152 35.024155 -85.246448 -1 30889 32905 60 25 0
153 35.030502 -85.17694 -1 30360 32430 60 26 0
154 35.01666 -85.16426 -1 30237 32214 60 27 0
155 35.038848 -85.14872 -1 29723 31773 60 28 0
156 35.04488 -85.161444 -1 34379 36468 60 29 0
157 35.05283 -85.241568 -1 40499 42523 60 30 0
158 35.024155 -85.246448 -1 43347 45257 60 31 0
159 35.036705 -85.241348 -1 41485 43864 60 32 0
160 35.017761 -85.172293 -1 29079 31096 60 33 0
161 35.05819 -85.230498 -1 54322 56740 60 34 0
162 35.017177 -85.190174 -1 52017 54125 60 35 0
163 35.048716 -85.236514 -1 52396 54343 60 36 0
164 35.05819 -85.230498 -1 51321 53739 60 37 0
165 35.049744 -85.238771 -1 50275 52712 60 38 0
166 35.061062 -85.133705 -1 49303 51679 60 39 0
167 35.059785 -85.213619 -1 49185 51547 60 40 0
168 35.022463 -85.195206 -1 48548 50669 60 41 0
169 35.00986 -85.216632 -1 48279 50492 60 42 0
170 35.0083 -85.2069 -1 47924 50234 60 43 0
171 35.029996 -85.152913 -1 46959 48878 60 44 0
172 35.029996 -85.152913 -1 44735 46654 60 45 0
173 35.029098 -85.155252 -1 44855 46881 60 46 0
174 35.03686 -85.24088 -1 44948 47204 60 47 0
175 35.0083 -85.2069 -1 44954 47290 60 48 0
176 35.0083 -85.2069 -2 48536 50738 60 49 0
177 35.03349 -85.241886 -2 44543 46450 60 50 0
178 35.04212 -85.23846 -1 43743 45920 60 51 0
179 35.072867 -85.131414 -1 43503 45678 60 52 0
180 35.047092 -85.237302 -1 43301 45176 60 53 0
181 35.043778 -85.228412 -1 44236 46363 60 54 0
182 35.051377 -85.228932 -1 42922 44963 60 55 0
183 35.0354 -85.1621 -1 42835 45179 60 56 0
184 35.024831 -85.245678 -1 42819 45222 60 57 0
185 35.033431 -85.151947 -1 43391 45784 60 58 0
186 35.033794 -85.239677 -1 41820 44010 60 59 0
187 35.033431 -85.151947 -2 41676 44112 60 60 0
188 35.071804 -85.240502 -1 41337 43562 60 61 0
189 35.0424 -85.238659 -1 41548 43459 60 62 0
190 35.030771 -85.186241 -1 44940 46963 60 63 0
191 35.024155 -85.246448 -1 27851 29749 60 64 0
192 35.024155 -85.246448 -1 27933 29977 60 65 0
193 35.023685 -85.158546 -1 13779 15785 60 66 0
194 35.016289 -85.199959 -1 13496 15452 60 67 0
195 35.024155 -85.246448 -1 12158 14079 60 68 0
196 35.017808 -85.173786 -1 12018 14045 60 69 0
197 35.013428 -85.228422 -1 11781 14046 60 70 0
198 35.008568 -85.211381 -1 11121 13523 60 71 0
199 35.024853 -85.245605 -1 10204 12234 60 72 0
200 35.051884 -85.16602 -1 10170 12201 60 73 0
201 35.028346 -85.220447 -1 14726 16770 60 74 0
202 35.009534 -85.213112 -1 9265 11244 60 75 0
203 35.046292 -85.160716 -1 8810 10740 60 76 0
204 35.024155 -85.246448 -1 9107 10987 60 77 0
205 35.03783 -85.2403 -1 8554 10668 60 78 0
206 35.043717 -85.14968 -1 15173 17309 60 79 0
207 35.0083 -85.2069 -1 8427 10450 60 80 0
208 35.023827 -85.180296 -1 6266 8418 60 81 0
209 35.042827 -85.158853 -1 6067 8388 60 82 0
210 35.029098 -85.155252 -1 4978 7008 60 83 0
211 35.034478 -85.152574 -1 8834 10959 60 84 0
212 35.017468 -85.173149 -1 2548 4494 60 85 0
213 35.037211 -85.140224 -1 9459 11603 60 86 0
214 35.072867 -85.131414 -1 1473 3787 60 87 0
215 35.024155 -85.246448 -1 7502 9528 60 88 0
216 35.055312 -85.135467 -1 5110 7592 60 89 0
217 35.059308 -85.196166 -1 1596 3693 60 90 0
218 35.074146 -85.146364 -1 1986 4375 60 91 0
219 35.074146 -85.146364 -1 1986 4375 60 92 0
220 35.03286 -85.242462 -1 30516 32703 60 93 0
221 35.0354 -85.1621 -1 6151 8179 60 94 0
222 35.030807 -85.160165 -1 15136 17211 60 95 0
223 35.029996 -85.152913 -1 5504 7577 60 96 0
224 35.009534 -85.213112 -1 16480 18619 60 97 0
225 35.029609 -85.191331 -1 27851 29867 60 98 0
226 35.018784 -85.203499 -1 16020 18175 60 99 0
227 35.07406 -85.189526 -1 29900 32075 60 100 0
228 35.02482 -85.245676 -1 27477 29691 60 101 0
229 35.034744 -85.239632 -1 26908 28814 60 102 0
230 35.039167 -85.239916 -1 29244 31377 60 103 0
231 35.055043 -85.12788 -1 26457 28605 60 104 0
232 35.0625 -85.130063 -1 29516 31853 60 105 0
233 35.029609 -85.191331 -1 25653 27754 60 106 0
234 35.023774 -85.247448 -1 25489 27727 60 107 0
235 35.008056 -85.154722 -1 25032 27153 60 108 0
236 35.031756 -85.242255 -1 24485 26333 60 109 0
237 35.036475 -85.151612 -1 24545 26534 60 110 0
238 35.024155 -85.246448 -1 24274 26187 60 111 0
239 35.03286 -85.242462 -1 26209 28396 60 112 0
240 35.037333 -85.149619 -1 24151 26153 60 113 0
241 35.024155 -85.246448 -1 16998 18891 60 114 0
242 35.0354 -85.1621 -1 17378 19391 60 115 0
243 35.060972 -85.136633 -1 24702 26951 60 116 0
244 35.051884 -85.16602 -1 18301 20440 60 117 0
245 35.013432 -85.228443 -2 19234 21277 60 118 0
246 35.0083 -85.2069 -1 20159 22467 60 119 0
247 35.061062 -85.133705 -1 20777 23070 60 120 0
248 35.013954 -85.157366 -1 19703 21736 60 121 0
249 35.024155 -85.246448 -1 21220 23187 60 122 0
250 35.031756 -85.242255 -1 22593 24441 60 123 0
251 35.0083 -85.2069 -1 23281 25465 60 124 0
252 35.051199 -85.242422 -1 24134 26442 60 125 0
253 35.007019 -85.210118 -1 24110 26301 60 126 0
254 35.04212 -85.23846 -1 26323 28515 60 127 0
