4 12 60
0 35.057 -85.269 0 0 55200 0 0 0
1 35.0083 -85.2069 1 42900 44700 60 0 104
2 35.024155 -85.246448 1 33909 35709 60 0 105
3 35.023043 -85.196651 1 35100 36900 60 0 106
4 35.047881 -85.242448 2 35269 37069 60 0 107
5 35.043717 -85.14968 1 37500 39300 60 0 108
6 35.0083 -85.2069 1 35945 37745 60 0 109
7 35.013658 -85.227305 1 33130 34930 60 0 110
8 35.034507 -85.158841 1 37582 39382 60 0 111
9 35.029277 -85.155292 1 37012 38812 60 0 112
10 35.033794 -85.239677 1 34476 36276 60 0 113
11 35.030776 -85.153657 1 32643 34443 60 0 114
12 35.03409 -85.144168 1 30012 31812 60 0 115
13 35.0354 -85.1621 1 31972 33772 60 0 116
14 35.00887 -85.205104 1 31831 33631 60 0 117
15 35.0083 -85.2069 1 30126 31926 60 0 118
16 35.024155 -85.246448 1 30033 31833 60 0 119
17 35.0424 -85.238659 1 29752 31552 60 0 120
18 35.024155 -85.246448 1 28605 30405 60 0 121
19 35.023613 -85.179664 2 27495 29295 60 0 122
20 35.044303 -85.224108 1 37638 39438 60 0 123
21 35.033794 -85.239677 1 27077 28877 60 0 124
22 35.037698 -85.219563 1 32100 33900 60 0 125
23 35.044971 -85.154938 1 32381 34181 60 0 126
24 35.024793 -85.246738 1 37879 39679 60 0 127
25 35.038181 -85.151487 1 45205 47005 60 0 128
26 35.054574 -85.146014 1 39172 40972 60 0 129
27 35.011766 -85.212952 1 51451 53251 60 0 130
28 35.024155 -85.246448 1 26966 28766 60 0 131
29 35.048556 -85.242571 1 50707 52507 60 0 132
30 35.056186 -85.156781 1 50357 52157 60 0 133
31 35.024155 -85.246448 1 51900 53700 60 0 134
32 35.0083 -85.2069 1 49084 50884 60 0 135
33 35.040326 -85.155719 1 48909 50709 60 0 136
34 35.023064 -85.197861 1 47834 49634 60 0 137
35 35.0354 -85.1621 1 48300 50100 60 0 138
36 35.029996 -85.152913 1 45233 47033 60 0 139
37 35.03349 -85.241886 1 44126 45926 60 0 140
38 35.036928 -85.160046 1 44051 45851 60 0 141
39 35.071804 -85.240502 1 43595 45395 60 0 142
40 35.0354 -85.1621 1 43087 44887 60 0 143
41 35.019154 -85.22612 2 42565 44365 60 0 144
42 35.008568 -85.211381 1 42215 44015 60 0 145
43 35.024155 -85.246448 1 42047 43847 60 0 146
44 35.024155 -85.246448 1 41869 43669 60 0 147
45 35.044696 -85.164301 1 41460 43260 60 0 148
46 35.03372 -85.155015 1 41113 42913 60 0 149
47 35.024155 -85.246448 1 40876 42676 60 0 150
48 35.0083 -85.2069 1 40432 42232 60 0 151
49 35.038565 -85.152794 1 41700 43500 60 0 152
50 35.013285 -85.228235 1 38761 40561 60 0 153
51 35.069041 -85.141132 1 26779 28579 60 0 154
52 35.024736 -85.227522 1 25604 27404 60 0 155
53 35.033393 -85.180223 1 26374 28174 60 0 156
54 35.033794 -85.239677 1 16500 18300 60 0 157
55 35.051884 -85.16602 1 13260 15060 60 0 158
56 35.036631 -85.240932 1 13149 14949 60 0 159
57 35.044303 -85.224108 1 12701 14501 60 0 160
58 35.0083 -85.2069 1 10371 12171 60 0 161
59 35.073431 -85.240936 1 10307 12107 60 0 162
60 35.054574 -85.146014 1 9848 11648 60 0 163
61 35.0083 -85.2069 1 9070 10870 60 0 164
62 35.051468 -85.241562 1 8766 10566 60 0 165
63 35.0083 -85.2069 1 8324 10124 60 0 166
64 35.017761 -85.172293 1 14706 16506 60 0 167
65 35.016943 -85.19046 1 8066 9866 60 0 168
66 35.072936 -85.240604 1 5743 7543 60 0 169
67 35.024806 -85.178157 1 5009 6809 60 0 170
68 35.016235 -85.199959 1 4839 6639 60 0 171
69 35.047379 -85.167154 1 4509 6309 60 0 172
70 35.061198 -85.231127 1 4113 5913 60 0 173
71 35.027759 -85.156113 1 2826 4626 60 0 174
72 35.023043 -85.196651 1 1280 3080 60 0 175
73 35.005373 -85.149152 1 1240 3040 60 0 176
74 35.0354 -85.1621 1 2700 4500 60 0 177
75 35.0083 -85.2069 1 26381 28181 60 0 178
76 35.040959 -85.188526 1 8100 9900 60 0 179
77 35.051199 -85.242422 1 14802 16602 60 0 180
78 35.019152 -85.226119 1 7747 9547 60 0 181
79 35.006838 -85.210276 1 14895 16695 60 0 182
80 35.051883 -85.16602 1 26224 28024 60 0 183
81 35.008301 -85.206902 1 14841 16641 60 0 184
82 35.024155 -85.246448 1 26045 27845 60 0 185
83 35.024155 -85.246448 1 25905 27705 60 0 186
84 35.029996 -85.152913 1 25425 27225 60 0 187
85 35.0083 -85.2069 1 24087 25887 60 0 188
86 35.049092 -85.193562 1 23338 25138 60 0 189
87 35.018496 -85.188797 1 20772 22572 60 0 190
88 35.041312 -85.153865 1 20477 22277 60 0 191
89 35.044296 -85.22413 1 19813 21613 60 0 192
90 35.011101 -85.214046 1 19503 21303 60 0 193
91 35.00887 -85.205104 1 21640 23440 60 0 194
92 35.024155 -85.246448 1 16346 18146 60 0 195
93 35.021046 -85.141334 1 19076 20876 60 0 196
94 35.0625 -85.130063 1 19038 20838 60 0 197
95 35.017578 -85.17321 1 18529 20329 60 0 198
96 35.033431 -85.151947 1 18466 20266 60 0 199
97 35.022463 -85.195206 1 15124 16924 60 0 200
98 35.0083 -85.2069 1 18029 19829 60 0 201
99 35.050401 -85.178685 1 18900 20700 60 0 202
100 35.053907 -85.19356 1 20700 22500 60 0 203
101 35.069041 -85.141132 1 15524 17324 60 0 204
102 35.007111 -85.210051 1 15389 17189 60 0 205
103 35.037962 -85.147553 1 19245 21045 60 0 206
104 35.072902 -85.163231 -1 44511 46844 60 1 0
105 35.047092 -85.237302 -1 34992 36929 60 2 0
106 35.038565 -85.152794 -1 36440 38570 60 3 0
107 35.011036 -85.21486 -2 36674 38852 60 4 0
108 35.023043 -85.196651 -1 38811 40919 60 5 0
109 35.019154 -85.22612 -1 37147 39173 60 6 0
110 35.048127 -85.242233 -1 34476 36610 60 7 0
111 35.0516 -85.153172 -1 38849 40924 60 8 0
112 35.046924 -85.167007 -1 38187 40193 60 9 0
113 35.0083 -85.2069 -1 35896 38086 60 10 0
114 35.033507 -85.143582 -1 33865 35906 60 11 0
115 35.030771 -85.153658 -1 31231 33270 60 12 0
116 35.043037 -85.159078 -1 33127 35118 60 13 0
117 35.022463 -85.195206 -1 33012 35022 60 14 0
118 35.051884 -85.16602 -1 31538 33722 60 15 0
119 35.036631 -85.240932 -1 31037 32915 60 16 0
120 35.024155 -85.246448 -1 30803 32716 60 17 0
121 35.044303 -85.224108 -1 29782 31789 60 18 0
122 35.029996 -85.152913 -2 28817 30933 60 19 0
123 35.0083 -85.2069 -1 39082 41290 60 20 0
124 35.0083 -85.2069 -1 28497 30687 60 21 0
125 35.0083 -85.2069 -1 33440 35570 60 22 0
126 35.0354 -85.1621 -1 33568 35583 60 23 0
127 35.061198 -85.231127 -1 39114 41165 60 24 0
128 35.029609 -85.191331 -1 46510 48613 60 25 0
129 35.040094 -85.150963 -1 40281 42237 60 26 0
130 35.017177 -85.190174 -1 52709 54777 60 27 0
131 35.031684 -85.226119 -1 28217 30280 60 28 0
132 35.022463 -85.195206 -1 52246 54525 60 29 0
133 35.050401 -85.178685 -1 51544 53559 60 30 0
134 35.03349 -85.241886 -1 52943 54850 60 31 0
135 35.071804 -85.240502 -1 50843 53287 60 32 0
136 35.030342 -85.159623 -1 50173 52246 60 33 0
137 35.048556 -85.242571 -1 49344 51601 60 34 0
138 35.054574 -85.146014 -1 49557 51624 60 35 0
139 35.023043 -85.196651 -1 46619 48783 60 36 0
140 35.024155 -85.246448 -1 45173 47083 60 37 0
141 35.024806 -85.178157 -1 45284 47333 60 38 0
142 35.0083 -85.2069 -1 45324 47745 60 39 0
143 35.048716 -85.236514 -1 44659 46963 60 40 0
144 35.013057 -85.15975 -2 44017 46231 60 41 0
145 35.042112 -85.238438 -1 43618 45795 60 42 0
146 35.0424 -85.238659 -1 43095 45006 60 43 0
147 35.047092 -85.237302 -1 42952 44889 60 44 0
148 35.051884 -85.16602 -1 42484 44377 60 45 0
149 35.044314 -85.152554 -1 42252 44231 60 46 0
150 35.065678 -85.240625 -1 42284 44465 60 47 0
151 35.033794 -85.239677 -1 41852 44042 60 48 0
152 35.029996 -85.152913 -1 42783 44720 60 49 0
153 35.073431 -85.240936 -1 40301 42581 60 50 0
154 35.0354 -85.1621 -1 28279 30529 60 51 0
155 35.011036 -85.21486 -1 26793 28809 60 52 0
156 35.024611 -85.155682 -1 27708 29833 60 53 0
157 35.041012 -85.155347 -1 18151 20514 60 54 0
158 35.009534 -85.213112 -1 14613 16752 60 55 0
159 35.024155 -85.246448 -1 14156 16036 60 56 0
160 35.0083 -85.2069 -1 14145 16353 60 57 0
161 35.008568 -85.211381 -1 11360 13226 60 58 0
162 35.013558 -85.228456 -1 11853 14137 60 59 0
163 35.041012 -85.155347 -1 10977 12948 60 60 0
164 35.066315 -85.157066 -1 10566 12813 60 61 0
165 35.024853 -85.245605 -1 9988 12029 60 62 0
166 35.035329 -85.234481 -1 9834 12091 60 63 0
167 35.033502 -85.153166 -1 15906 17931 60 64 0
168 35.03801 -85.147252 -1 9515 11726 60 65 0
169 35.0083 -85.2069 -1 7448 9851 60 66 0
170 35.0354 -85.1621 -1 6213 8241 60 67 0
171 35.017578 -85.17321 -1 5935 7882 60 68 0
172 35.029098 -85.155252 -1 5717 7748 60 69 0
173 35.024793 -85.246738 -1 5341 7387 60 70 0
174 35.06863 -85.141188 -1 4401 6707 60 71 0
175 35.043717 -85.14968 -1 2607 4727 60 72 0
176 35.069041 -85.141132 -1 3063 5555 60 73 0
177 35.069041 -85.141132 -1 4302 6628 60 74 0
178 35.033794 -85.239677 -1 27801 29991 60 75 0
179 35.034478 -85.152574 -1 9434 11559 60 76 0
180 35.0083 -85.2069 -1 16380 18688 60 77 0
181 35.0083 -85.2069 -1 8945 10968 60 78 0
182 35.051884 -85.16602 -1 16306 18489 60 79 0
183 35.011002 -85.217581 -1 27566 29697 60 80 0
184 35.05147 -85.241564 -1 16436 18757 60 81 0
185 35.03286 -85.242462 -1 27069 28962 60 82 0
186 35.031756 -85.242255 -1 26870 28718 60 83 0
187 35.017577 -85.173208 -1 26630 28658 60 84 0
188 35.044296 -85.22413 -1 25531 27739 60 85 0
189 35.024155 -85.246448 -1 24796 27014 60 86 0
190 35.023576 -85.244629 -1 22154 24315 60 87 0
191 35.0083 -85.2069 -1 21911 24111 60 88 0
192 35.0083 -85.2069 -1 21257 23465 60 89 0
193 35.024155 -85.246448 -1 20680 22687 60 90 0
194 35.022463 -85.195206 -1 22821 24831 60 91 0
195 35.011214 -85.213885 -1 17526 19536 60 92 0
196 35.013954 -85.157366 -1 20287 22320 60 93 0
197 35.00887 -85.205104 -1 20698 23068 60 94 0
198 35.016235 -85.199959 -1 19641 21600 60 95 0
199 35.054574 -85.146014 -1 19646 21656 60 96 0
200 35.0625 -85.130063 -1 16561 18763 60 97 0
201 35.019566 -85.239695 -1 19257 21303 60 98 0
202 35.056186 -85.156781 -1 20090 22107 60 99 0
203 35.044696 -85.164301 -1 21863 23860 60 100 0
204 35.005371 -85.149155 -1 17297 19751 60 101 0
205 35.051884 -85.16602 -1 16819 19016 60 102 0
206 35.029609 -85.191331 -1 20619 22774 60 103 0
