4 12 60
0 35.057 -85.269 0 0 55200 0 0 0
1 35.013658 -85.227305 1 33900 35700 60 0 87
2 35.036793 -85.160498 1 33523 35323 60 0 88
3 35.074146 -85.146364 1 35100 36900 60 0 89
4 35.008301 -85.206902 1 33306 35106 60 0 90
5 35.07506 -85.183982 1 35700 37500 60 0 91
6 35.0083 -85.2069 1 33104 34904 60 0 92
7 35.061203 -85.131689 2 32650 34450 60 0 93
8 35.0083 -85.2069 1 33839 35639 60 0 94
9 35.044303 -85.224108 1 32211 34011 60 0 95
10 35.024947 -85.246868 1 29706 31506 60 0 96
11 35.0083 -85.2069 1 31970 33770 60 0 97
12 35.03286 -85.242462 1 31842 33642 60 0 98
13 35.037449 -85.197011 1 31700 33500 60 0 99
14 35.024155 -85.246448 1 31149 32949 60 0 100
15 35.04212 -85.23846 1 31500 33300 60 0 101
16 35.04212 -85.23846 1 29527 31327 60 0 102
17 35.047092 -85.237302 1 34659 36459 60 0 103
18 35.03801 -85.147253 1 29026 30826 60 0 104
19 35.0083 -85.2069 1 32019 33819 60 0 105
20 35.040131 -85.15097 1 34939 36739 60 0 106
21 35.0083 -85.2069 1 46431 48231 60 0 107
22 35.024155 -85.246448 2 35700 37500 60 0 108
23 35.055278 -85.135408 1 29100 30900 60 0 109
24 35.03571 -85.159468 1 50286 52086 60 0 110
25 35.035116 -85.239244 1 50227 52027 60 0 111
26 35.069042 -85.141136 1 46811 48611 60 0 112
27 35.019249 -85.226067 1 46083 47883 60 0 113
28 35.024793 -85.246738 1 43231 45031 60 0 114
29 35.013658 -85.227305 1 43213 45013 60 0 115
30 35.0354 -85.1621 1 43156 44956 60 0 116
31 35.0083 -85.2069 1 35206 37006 60 0 117
32 35.044696 -85.164301 1 41766 43566 60 0 118
33 35.0083 -85.2069 1 38924 40724 60 0 119
34 35.029996 -85.152913 2 38699 40499 60 0 120
35 35.0354 -85.1621 1 38215 40015 60 0 121
36 35.0083 -85.2069 1 37270 39070 60 0 122
37 35.017495 -85.173292 1 36714 38514 60 0 123
38 35.033431 -85.151947 1 36649 38449 60 0 124
39 35.051199 -85.242422 1 36292 38092 60 0 125
40 35.0083 -85.2069 1 42300 44100 60 0 126
41 35.036631 -85.240932 1 40602 42402 60 0 127
42 35.0083 -85.2069 2 28432 30232 60 0 128
43 35.046428 -85.237519 1 34832 36632 60 0 129
44 35.0231 -85.24253 1 27758 29558 60 0 130
45 35.051884 -85.16602 1 12250 14050 60 0 131
46 35.072902 -85.163231 1 13500 15300 60 0 132
47 35.013658 -85.227305 1 9300 11100 60 0 133
48 35.066231 -85.234895 1 11700 13500 60 0 134
49 35.008608 -85.205117 2 8314 10114 60 0 135
50 35.021036 -85.228633 1 7215 9015 60 0 136
51 35.0354 -85.1621 1 6300 8100 60 0 137
52 35.01757 -85.206107 1 6300 8100 60 0 138
53 35.074146 -85.146364 1 5229 7029 60 0 139
54 35.031169 -85.231091 1 4967 6767 60 0 140
55 35.061216 -85.231064 1 4163 5963 60 0 141
56 35.017177 -85.190174 1 6900 8700 60 0 142
57 35.043037 -85.159078 1 3300 5100 60 0 143
58 35.05283 -85.241568 1 2917 4717 60 0 144
59 35.0083 -85.2069 1 3300 5100 60 0 145
60 35.024806 -85.178157 1 1615 3415 60 0 146
61 35.033431 -85.151947 1 37500 39300 60 0 147
62 35.050401 -85.178685 1 375 2175 60 0 148
63 35.012256 -85.212217 1 27916 29716 60 0 149
64 35.060972 -85.136633 1 13500 15300 60 0 150
65 35.04212 -85.23846 1 12734 14534 60 0 151
66 35.024155 -85.246448 1 12900 14700 60 0 152
67 35.023827 -85.180296 1 13553 15353 60 0 153
68 35.04488 -85.161444 1 27433 29233 60 0 154
69 35.052555 -85.180038 1 26983 28783 60 0 155
70 35.052557 -85.180032 1 26881 28681 60 0 156
71 35.052555 -85.180038 3 26721 28521 60 0 157
72 35.051468 -85.241562 1 25250 27050 60 0 158
73 35.0354 -85.1621 1 23492 25292 60 0 159
74 35.0083 -85.2069 1 23700 25500 60 0 160
75 35.0083 -85.2069 1 22965 24765 60 0 161
76 35.0083 -85.2069 2 20237 22037 60 0 162
77 35.023064 -85.197861 1 27234 29034 60 0 163
78 35.05471 -85.194245 1 18733 20533 60 0 164
79 35.024155 -85.246448 1 18411 20211 60 0 165
80 35.024155 -85.246448 1 17700 19500 60 0 166
81 35.0354 -85.1621 1 16846 18646 60 0 167
82 35.044582 -85.162337 1 15970 17770 60 0 168
83 35.052047 -85.132042 1 16500 18300 60 0 169
84 35.044696 -85.164301 1 15900 17700 60 0 170
85 35.023963 -85.179518 1 18928 20728 60 0 171
86 35.0424 -85.238659 1 14884 16684 60 0 172
87 35.024155 -85.246448 -1 35049 37035 60 1 0
88 35.024806 -85.178157 -1 34736 36770 60 2 0
89 35.0083 -85.2069 -1 36774 39154 60 3 0
90 35.051468 -85.241562 -1 34901 37222 60 4 0
91 35.029996 -85.152913 -1 37287 39602 60 5 0
92 35.0354 -85.1621 -1 34486 36647 60 6 0
93 35.029996 -85.152913 -2 34009 36153 60 7 0
94 35.05283 -85.241568 -1 35431 37750 60 8 0
95 35.0083 -85.2069 -1 33655 35863 60 9 0
96 35.033431 -85.151947 -1 31452 33886 60 10 0
97 35.03286 -85.242462 -1 33386 35573 60 11 0
98 35.0083 -85.2069 -1 33255 35439 60 12 0
99 35.060458 -85.187042 -1 32963 35035 60 13 0
100 35.0424 -85.238659 -1 32197 34108 60 14 0
101 35.012256 -85.212217 -1 32876 35033 60 15 0
102 35.008568 -85.211381 -1 30930 33107 60 16 0
103 35.024155 -85.246448 -1 35746 37686 60 17 0
104 35.029609 -85.191331 -1 30368 32499 60 18 0
105 35.04212 -85.23846 -1 33467 35678 60 19 0
106 35.045788 -85.156231 -1 36041 37992 60 20 0
107 35.051199 -85.242422 -1 48009 50317 60 21 0
108 35.0083 -85.2069 -2 36990 39082 60 22 0
109 35.0354 -85.1621 -1 30487 32652 60 23 0
110 35.043037 -85.159078 -1 51461 53467 60 24 0
111 35.0083 -85.2069 -1 51671 53879 60 25 0
112 35.029968 -85.156058 -1 48306 50552 60 26 0
113 35.013062 -85.159736 -1 47535 49749 60 27 0
114 35.061216 -85.231064 -1 44465 46515 60 28 0
115 35.036631 -85.240932 -1 44465 46529 60 29 0
116 35.023827 -85.180296 -1 44364 46395 60 30 0
117 35.03286 -85.242462 -1 36622 38809 60 31 0
118 35.051884 -85.16602 -1 42790 44683 60 32 0
119 35.019249 -85.226067 -1 40126 42152 60 33 0
120 35.061203 -85.131689 -2 40056 42198 60 34 0
121 35.021036 -85.228633 -1 39742 42012 60 35 0
122 35.044303 -85.224108 -1 38714 40922 60 36 0
123 35.016847 -85.199746 -1 37840 39809 60 37 0
124 35.024155 -85.246448 -1 38357 40763 60 38 0
125 35.0083 -85.2069 -1 37870 40178 60 39 0
126 35.072902 -85.163231 -1 43911 46244 60 40 0
127 35.012846 -85.226269 -1 41801 43825 60 41 0
128 35.037449 -85.197011 -2 29737 31840 60 42 0
129 35.058063 -85.227423 -1 35888 37805 60 43 0
130 35.054405 -85.240704 -1 29016 31084 60 44 0
131 35.041012 -85.155347 -1 13375 15343 60 45 0
132 35.029866 -85.185305 -1 14848 16984 60 46 0
133 35.022941 -85.219955 -1 10373 12302 60 47 0
134 35.024155 -85.246448 -1 13050 15187 60 48 0
135 35.035 -85.239116 -2 9789 12020 60 49 0
136 35.009534 -85.213112 -1 8354 10333 60 50 0
137 35.063018 -85.157154 -1 7614 9724 60 51 0
138 35.011217 -85.213309 -1 7279 9138 60 52 0
139 35.0354 -85.1621 -1 6695 8919 60 53 0
140 35.040741 -85.221496 -1 6112 8095 60 54 0
141 35.024793 -85.246738 -1 5390 7435 60 55 0
142 35.07506 -85.183982 -1 8495 10816 60 56 0
143 35.069041 -85.141132 -1 4720 6910 60 57 0
144 35.024155 -85.246448 -1 4119 6145 60 58 0
145 35.012388 -85.189531 -1 4617 6729 60 59 0
146 35.0354 -85.1621 -1 2819 4847 60 60 0
147 35.024155 -85.246448 -1 39208 41614 60 61 0
148 35.056186 -85.156781 -1 1565 3582 60 62 0
149 35.044696 -85.164301 -1 29210 31305 60 63 0
150 35.044696 -85.164301 -1 14656 16648 60 64 0
151 35.023687 -85.158543 -1 14520 16984 60 65 0
152 35.033431 -85.151947 -1 14619 17033 60 66 0
153 35.0354 -85.1621 -1 14818 16891 60 67 0
154 35.022288 -85.198538 -1 28587 30577 60 68 0
155 35.0083 -85.2069 -1 28381 30554 60 69 0
156 35.037181 -85.241014 -1 28238 30380 60 70 0
157 35.0083 -85.2069 -3 28119 30292 60 71 0
158 35.024853 -85.245605 -1 26472 28513 60 72 0
159 35.02371 -85.179475 -1 24678 26692 60 73 0
160 35.055278 -85.135408 -1 25315 27651 60 74 0
161 35.052555 -85.180038 -1 24374 26555 60 75 0
162 35.052555 -85.180038 -2 21646 23827 60 76 0
163 35.012725 -85.227019 -1 28345 30303 60 77 0
164 35.048556 -85.242571 -1 20002 22078 60 78 0
165 35.051974 -85.182239 -1 19917 22171 60 79 0
166 35.031756 -85.242255 -1 18665 20513 60 80 0
167 35.072902 -85.163231 -1 18299 20513 60 81 0
168 35.051884 -85.16602 -1 17002 18901 60 82 0
169 35.013658 -85.227305 -1 18177 20559 60 83 0
170 35.061802 -85.133796 -1 17055 19046 60 84 0
171 35.029996 -85.152913 -1 20256 22377 60 85 0
172 35.024155 -85.246448 -1 15935 17848 60 86 0
