4 12 60
0 35.057 -85.269 0 0 55200 0 0 0
1 35.072867 -85.131414 1 34621 36421 60 0 120
2 35.04212 -85.23846 1 38700 40500 60 0 121
3 35.048556 -85.242571 1 35700 37500 60 0 122
4 35.011372 -85.21307 1 33645 35445 60 0 123
5 35.0083 -85.2069 1 34230 36030 60 0 124
6 35.055278 -85.135408 1 36300 38100 60 0 125
7 35.0083 -85.2069 1 37116 38916 60 0 126
8 35.0354 -85.1621 1 36380 38180 60 0 127
9 35.017578 -85.17321 1 36981 38781 60 0 128
10 35.061227 -85.136284 1 38100 39900 60 0 129
11 35.0083 -85.2069 1 32035 33835 60 0 130
12 35.034096 -85.242692 1 36275 38075 60 0 131
13 35.013548 -85.228377 1 31996 33796 60 0 132
14 35.012046 -85.214133 1 27005 28805 60 0 133
15 35.0083 -85.2069 1 31561 33361 60 0 134
16 35.029996 -85.152913 1 31475 33275 60 0 135
17 35.024155 -85.246448 1 30900 32700 60 0 136
18 35.034128 -85.232142 1 30310 32110 60 0 137
19 35.024155 -85.246448 1 28500 30300 60 0 138
20 35.0083 -85.2069 2 27946 29746 60 0 139
21 35.024155 -85.246448 1 27900 29700 60 0 140
22 35.008658 -85.205898 1 27208 29008 60 0 141
23 35.024155 -85.246448 1 27900 29700 60 0 142
24 35.051884 -85.16602 1 26857 28657 60 0 143
25 35.029996 -85.152913 1 27900 29700 60 0 144
26 35.051553 -85.153172 1 38847 40647 60 0 145
27 35.0083 -85.2069 1 31811 33611 60 0 146
28 35.0083 -85.2069 1 38991 40791 60 0 147
29 35.0083 -85.2069 1 50675 52475 60 0 148
30 35.041012 -85.155347 1 39993 41793 60 0 149
31 35.0625 -85.130063 1 26575 28375 60 0 150
32 35.0354 -85.1621 2 51031 52831 60 0 151
33 35.035831 -85.159381 1 50751 52551 60 0 152
34 35.0083 -85.2069 3 50700 52500 60 0 153
35 35.035055 -85.239187 2 50581 52381 60 0 154
36 35.0354 -85.1621 1 50552 52352 60 0 155
37 35.029441 -85.157375 1 48573 50373 60 0 156
38 35.024155 -85.246448 1 48310 50110 60 0 157
39 35.029866 -85.185305 1 47484 49284 60 0 158
40 35.069041 -85.141132 1 46536 48336 60 0 159
41 35.029996 -85.152913 1 46080 47880 60 0 160
42 35.0083 -85.2069 1 45578 47378 60 0 161
43 35.048556 -85.242571 1 45260 47060 60 0 162
44 35.074146 -85.146364 1 44851 46651 60 0 163
45 35.025477 -85.178611 1 44534 46334 60 0 164
46 35.0354 -85.1621 1 47700 49500 60 0 165
47 35.035945 -85.159948 1 43951 45751 60 0 166
48 35.055278 -85.135408 1 47100 48900 60 0 167
49 35.011372 -85.21307 1 43655 45455 60 0 168
50 35.04147 -85.153387 2 43189 44989 60 0 169
51 35.017099 -85.187575 3 42940 44740 60 0 170
52 35.033145 -85.151301 1 42928 44728 60 0 171
53 35.073416 -85.237885 1 42264 44064 60 0 172
54 35.074146 -85.146364 1 42900 44700 60 0 173
55 35.048556 -85.242571 1 41712 43512 60 0 174
56 35.0083 -85.2069 1 41534 43334 60 0 175
57 35.0354 -85.1621 1 40597 42397 60 0 176
58 35.068705 -85.141514 1 39809 41609 60 0 177
59 35.041209 -85.153396 1 26373 28173 60 0 178
60 35.040959 -85.188526 1 13500 15300 60 0 179
61 35.04488 -85.161444 1 29700 31500 60 0 180
62 35.0083 -85.2069 1 15900 17700 60 0 181
63 35.023827 -85.180295 1 12846 14646 60 0 182
64 35.048556 -85.242571 1 12840 14640 60 0 183
65 35.071106 -85.134323 1 12167 13967 60 0 184
66 35.017808 -85.173786 1 11996 13796 60 0 185
67 35.05819 -85.230498 1 11164 12964 60 0 186
68 35.07302 -85.241393 1 10590 12390 60 0 187
69 35.028357 -85.245003 1 10332 12132 60 0 188
70 35.0083 -85.2069 1 20700 22500 60 0 189
71 35.047092 -85.237302 1 9588 11388 60 0 190
72 35.073434 -85.201886 1 26199 27999 60 0 191
73 35.045788 -85.156231 1 8576 10376 60 0 192
74 35.011049 -85.208591 1 13156 14956 60 0 193
75 35.019153 -85.22612 1 7440 9240 60 0 194
76 35.074719 -85.168033 1 5156 6956 60 0 195
77 35.036777 -85.160394 1 3726 5526 60 0 196
78 35.027818 -85.155843 1 3562 5362 60 0 197
79 35.043037 -85.159078 1 3006 4806 60 0 198
80 35.043096 -85.219352 1 2571 4371 60 0 199
81 35.040741 -85.221496 1 49500 51300 60 0 200
82 35.031169 -85.231091 1 31500 33300 60 0 201
83 35.061203 -85.131689 1 6300 8100 60 0 202
84 35.024806 -85.178157 1 1622 3422 60 0 203
85 35.005373 -85.149152 1 1342 3142 60 0 204
86 35.023827 -85.180295 1 15 1815 60 0 205
87 35.013428 -85.228422 1 0 900 60 0 206
88 35.008803 -85.204927 2 7405 9205 60 0 207
89 35.0083 -85.2069 1 13295 15095 60 0 208
90 35.07266 -85.132605 1 4159 5959 60 0 209
91 35.016235 -85.199959 1 14254 16054 60 0 210
92 35.052047 -85.132042 1 14182 15982 60 0 211
93 35.029996 -85.152913 1 25231 27031 60 0 212
94 35.023716 -85.222372 1 24388 26188 60 0 213
95 35.069041 -85.141132 1 26100 27900 60 0 214
96 35.012046 -85.214133 1 23702 25502 60 0 215
97 35.024155 -85.246448 1 24300 26100 60 0 216
98 35.010786 -85.219579 1 25500 27300 60 0 217
99 35.043037 -85.159078 1 22496 24296 60 0 218
100 35.0354 -85.1621 1 22317 24117 60 0 219
101 35.022463 -85.195206 1 21954 23754 60 0 220
102 35.033794 -85.239677 1 21788 23588 60 0 221
103 35.034096 -85.242692 1 21632 23432 60 0 222
104 35.0083 -85.2069 1 20700 22500 60 0 223
105 35.022463 -85.195206 1 22615 24415 60 0 224
106 35.038021 -85.240163 1 20569 22369 60 0 225
107 35.050401 -85.178685 1 14858 16658 60 0 226
108 35.023043 -85.196651 1 21300 23100 60 0 227
109 35.059785 -85.213619 3 15810 17610 60 0 228
110 35.051468 -85.241562 1 16481 18281 60 0 229
111 35.020312 -85.226641 1 17319 19119 60 0 230
112 35.0354 -85.1621 1 17671 19471 60 0 231
113 35.0083 -85.2069 1 17825 19625 60 0 232
114 35.0354 -85.1621 1 17603 19403 60 0 233
115 35.024155 -85.246448 1 17977 19777 60 0 234
116 35.047092 -85.237302 1 19500 21300 60 0 235
117 35.034545 -85.158768 1 19500 21300 60 0 236
118 35.032793 -85.239713 2 20287 22087 60 0 237
119 35.023455 -85.179836 1 20560 22360 60 0 238
120 35.0083 -85.2069 -1 36388 38838 60 1 0
121 35.012256 -85.212217 -1 40076 42233 60 2 0
122 35.008409 -85.214982 -1 37157 39374 60 3 0
123 35.034096 -85.242692 -1 34973 37094 60 4 0
124 35.042112 -85.238438 -1 35678 37889 60 5 0
125 35.029996 -85.152913 -1 37626 39745 60 6 0
126 35.019154 -85.22612 -1 38318 40344 60 7 0
127 35.055278 -85.135408 -1 37785 39963 60 8 0
128 35.016235 -85.199959 -1 38093 40052 60 9 0
129 35.038021 -85.240163 -1 39774 42154 60 10 0
130 35.033794 -85.239677 -1 33455 35645 60 11 0
131 35.024833 -85.245575 -1 37349 39279 60 12 0
132 35.073431 -85.240936 -1 33537 35817 60 13 0
133 35.047092 -85.237302 -1 28377 30531 60 14 0
134 35.020312 -85.226641 -1 32785 34828 60 15 0
135 35.01666 -85.16426 -1 32612 34589 60 16 0
136 35.071804 -85.240502 -1 32275 34431 60 17 0
137 35.042827 -85.158853 -1 31906 34228 60 18 0
138 35.048096 -85.240417 -1 29607 31562 60 19 0
139 35.026195 -85.221012 -2 29192 31251 60 20 0
140 35.033398 -85.241442 -1 28880 30740 60 21 0
141 35.05819 -85.230498 -1 28791 31103 60 22 0
142 35.031756 -85.242255 -1 28865 30713 60 23 0
143 35.059447 -85.137119 -1 28057 30082 60 24 0
144 35.043037 -85.159078 -1 29051 31039 60 25 0
145 35.041217 -85.15343 -1 39936 41877 60 26 0
146 35.023716 -85.222372 -1 33032 35072 60 27 0
147 35.046553 -85.233201 -1 40476 42714 60 28 0
148 35.038623 -85.15435 -1 52192 54454 60 29 0
149 35.012046 -85.214133 -1 41386 43555 60 30 0
150 35.022463 -85.195206 -1 28012 30214 60 31 0
151 35.018689 -85.225123 -2 52494 54716 60 32 0
152 35.043037 -85.159078 -1 51930 53939 60 33 0
153 35.042827 -85.158853 -3 52090 54257 60 34 0
154 35.0083 -85.2069 -2 52025 54233 60 35 0
155 35.074146 -85.146364 -1 52062 54319 60 36 0
156 35.0083 -85.2069 -1 50069 52316 60 37 0
157 35.031756 -85.242255 -1 49275 51123 60 38 0
158 35.044971 -85.154938 -1 48671 50686 60 39 0
159 35.029968 -85.156058 -1 48031 50277 60 40 0
160 35.055278 -85.135408 -1 47404 49522 60 41 0
161 35.065678 -85.240625 -1 47378 49853 60 42 0
162 35.010786 -85.219579 -1 46643 48805 60 43 0
163 35.005373 -85.149152 -1 46590 49019 60 44 0
164 35.070095 -85.138374 -1 45996 48217 60 45 0
165 35.029441 -85.157375 -1 48862 50858 60 46 0
166 35.024806 -85.178157 -1 45205 47270 60 47 0
167 35.0354 -85.1621 -1 48487 50652 60 48 0
168 35.04212 -85.23846 -1 44996 47126 60 49 0
169 35.024611 -85.155682 -2 44334 46317 60 50 0
170 35.0354 -85.1621 -3 44223 46310 60 51 0
171 35.025967 -85.17111 -1 44168 46223 60 52 0
172 35.022463 -85.195206 -1 43770 46024 60 53 0
173 35.04488 -85.161444 -1 44186 46275 60 54 0
174 35.024155 -85.246448 -1 42853 44833 60 55 0
175 35.020927 -85.161194 -1 42998 45221 60 56 0
176 35.023827 -85.180296 -1 41805 43836 60 57 0
177 35.027755 -85.155998 -1 41342 43616 60 58 0
178 35.029996 -85.152913 -1 27462 29403 60 59 0
179 35.044696 -85.164301 -1 14652 16641 60 60 0
180 35.076074 -85.156636 -1 30962 33033 60 61 0
181 35.04212 -85.23846 -1 17348 19559 60 62 0
182 35.0354 -85.1621 -1 14111 16184 60 63 0
183 35.0083 -85.2069 -1 14370 16642 60 64 0
184 35.044697 -85.164299 -1 13528 15673 60 65 0
185 35.024611 -85.155682 -1 13138 15119 60 66 0
186 35.024833 -85.245575 -1 12359 14380 60 67 0
187 35.013558 -85.228456 -1 12127 14404 60 68 0
188 35.03145 -85.150691 -1 12158 14652 60 69 0
189 35.05471 -85.194245 -1 22085 24248 60 70 0
190 35.024155 -85.246448 -1 10675 12615 60 71 0
191 35.0354 -85.1621 -1 27545 29679 60 72 0
192 35.054688 -85.188453 -1 9771 11792 60 73 0
193 35.026514 -85.170679 -1 14563 16743 60 74 0
194 35.0083 -85.2069 -1 8638 10661 60 75 0
195 35.024155 -85.246448 -1 6822 9196 60 76 0
196 35.073338 -85.201794 -1 5139 7323 60 77 0
197 35.068336 -85.141445 -1 5151 7467 60 78 0
198 35.069041 -85.141132 -1 4426 6616 60 79 0
199 35.076074 -85.156636 -1 4183 6517 60 80 0
200 35.031169 -85.231091 -1 50642 52623 60 81 0
201 35.040741 -85.221496 -1 32645 34628 60 82 0
202 35.069041 -85.141132 -1 7537 9589 60 83 0
203 35.0354 -85.1621 -1 2826 4854 60 84 0
204 35.069041 -85.141132 -1 3165 5657 60 85 0
205 35.072867 -85.131414 -1 1616 3941 60 86 0
206 35.074146 -85.146364 -1 786 3175 60 87 0
207 35.035 -85.239116 -2 8885 11120 60 88 0
208 35.025967 -85.17111 -1 14736 16941 60 89 0
209 35.023827 -85.180298 -1 5820 8190 60 90 0
210 35.017578 -85.17321 -1 15350 17297 60 91 0
211 35.0354 -85.1621 -1 15565 17727 60 92 0
212 35.043037 -85.159078 -1 26382 28370 60 93 0
213 35.007019 -85.210118 -1 25580 27599 60 94 0
214 35.061203 -85.131689 -1 27286 29300 60 95 0
215 35.03801 -85.147252 -1 25152 27364 60 96 0
216 35.066231 -85.234895 -1 25649 27785 60 97 0
217 35.047092 -85.237302 -1 26822 28938 60 98 0
218 35.029996 -85.152913 -1 23654 25647 60 99 0
219 35.05147 -85.241564 -1 23988 26366 60 100 0
220 35.0625 -85.130063 -1 23391 25593 60 101 0
221 35.024155 -85.246448 -1 22819 24717 60 102 0
222 35.011372 -85.21307 -1 22962 25084 60 103 0
223 35.059785 -85.213619 -1 22350 24712 60 104 0
224 35.024155 -85.246448 -1 23930 26041 60 105 0
225 35.074719 -85.168033 -1 22116 24401 60 106 0
226 35.056186 -85.156781 -1 16048 18065 60 107 0
227 35.059698 -85.133756 -1 22645 24778 60 108 0
228 35.0083 -85.2069 -3 17422 19756 60 109 0
229 35.024853 -85.245605 -1 17703 19744 60 110 0
230 35.0083 -85.2069 -1 18543 20586 60 111 0
231 35.0157 -85.1922 -1 18933 21004 60 112 0
232 35.035364 -85.220634 -1 19144 21258 60 113 0
233 35.0157 -85.1922 -1 18865 20936 60 114 0
234 35.038021 -85.240163 -1 18999 20890 60 115 0
235 35.012256 -85.212217 -1 20901 23076 60 116 0
236 35.066315 -85.157066 -1 20853 22992 60 117 0
237 35.0083 -85.2069 -2 21688 23863 60 118 0
238 35.0354 -85.1621 -1 21794 23844 60 119 0
