4 12 60
0 35.057 -85.269 0 0 55200 0 0 0
1 35.024155 -85.246448 1 34227 36027 60 0 84
2 35.0083 -85.2069 1 35700 37500 60 0 85
3 35.00986 -85.216632 1 34624 36424 60 0 86
4 35.0083 -85.2069 1 34481 36281 60 0 87
5 35.029203 -85.155289 1 34011 35811 60 0 88
6 35.0354 -85.1621 1 35354 37154 60 0 89
7 35.032854 -85.15476 1 34381 36181 60 0 90
8 35.0083 -85.2069 1 33596 35396 60 0 91
9 35.035718 -85.159439 1 31042 32842 60 0 92
10 35.01757 -85.206107 1 31705 33505 60 0 93
11 35.051199 -85.242422 1 31466 33266 60 0 94
12 35.051796 -85.165672 1 31144 32944 60 0 95
13 35.030774 -85.153628 1 30370 32170 60 0 96
14 35.0083 -85.2069 1 29453 31253 60 0 97
15 35.0083 -85.2069 1 28481 30281 60 0 98
16 35.024867 -85.155366 1 35424 37224 60 0 99
17 35.0083 -85.2069 1 27623 29423 60 0 100
18 35.0354 -85.1621 1 33416 35216 60 0 101
19 35.071804 -85.240502 1 35581 37381 60 0 102
20 35.033431 -85.151947 1 40387 42187 60 0 103
21 35.023043 -85.196651 1 36567 38367 60 0 104
22 35.024155 -85.246448 1 27500 29300 60 0 105
23 35.011217 -85.213309 1 51300 53100 60 0 106
24 35.01757 -85.206107 1 47791 49591 60 0 107
25 35.024793 -85.246738 1 43959 45759 60 0 108
26 35.037563 -85.173 1 43836 45636 60 0 109
27 35.043717 -85.14968 1 43510 45310 60 0 110
28 35.024155 -85.246448 1 43047 44847 60 0 111
29 35.01757 -85.206107 1 42077 43877 60 0 112
30 35.044918 -85.158023 1 36427 38227 60 0 113
31 35.036419 -85.177068 1 41884 43684 60 0 114
32 35.036539 -85.160193 1 41690 43490 60 0 115
33 35.04011 -85.150883 1 51188 52988 60 0 116
34 35.011372 -85.21307 1 38599 40399 60 0 117
35 35.055278 -85.135408 1 38277 40077 60 0 118
36 35.0625 -85.130063 1 37051 38851 60 0 119
37 35.0083 -85.2069 1 42900 44700 60 0 120
38 35.035 -85.239116 1 36745 38545 60 0 121
39 35.013933 -85.227924 1 36627 38427 60 0 122
40 35.045788 -85.156231 1 41822 43622 60 0 123
41 35.0354 -85.1621 1 27398 29198 60 0 124
42 35.024155 -85.246448 1 25500 27300 60 0 125
43 35.033477 -85.14361 1 26128 27928 60 0 126
44 35.061062 -85.133705 1 12919 14719 60 0 127
45 35.01681 -85.190357 1 12722 14522 60 0 128
46 35.050401 -85.178685 1 12148 13948 60 0 129
47 35.059785 -85.213619 1 14100 15900 60 0 130
48 35.051199 -85.242422 1 11349 13149 60 0 131
49 35.02221 -85.242252 1 8265 10065 60 0 132
50 35.0083 -85.2069 1 8129 9929 60 0 133
51 35.023043 -85.196651 1 7656 9456 60 0 134
52 35.071804 -85.240502 1 7455 9255 60 0 135
53 35.029996 -85.152913 1 6296 8096 60 0 136
54 35.024806 -85.178157 1 4969 6769 60 0 137
55 35.047409 -85.167127 1 4474 6274 60 0 138
56 35.061243 -85.23108 1 4344 6144 60 0 139
57 35.069041 -85.141132 1 26564 28364 60 0 140
58 35.051884 -85.16602 1 2264 4064 60 0 141
59 35.032793 -85.239713 1 907 2707 60 0 142
60 35.072082 -85.24086 1 3300 5100 60 0 143
61 35.045788 -85.156231 1 13325 15125 60 0 144
62 35.019146 -85.226131 1 13953 15753 60 0 145
63 35.051264 -85.15219 1 4249 6049 60 0 146
64 35.032675 -85.244988 1 18900 20700 60 0 147
65 35.00887 -85.205104 1 16205 18005 60 0 148
66 35.054673 -85.188491 1 25908 27708 60 0 149
67 35.051468 -85.241562 1 24671 26471 60 0 150
68 35.024155 -85.246448 1 24531 26331 60 0 151
69 35.0625 -85.130063 1 24351 26151 60 0 152
70 35.051199 -85.242422 1 24032 25832 60 0 153
71 35.0424 -85.238659 1 22950 24750 60 0 154
72 35.033794 -85.239677 1 22640 24440 60 0 155
73 35.0083 -85.2069 1 22500 24300 60 0 156
74 35.024736 -85.227522 1 24842 26642 60 0 157
75 35.0354 -85.1621 1 21522 23322 60 0 158
76 35.024362 -85.155518 1 21320 23120 60 0 159
77 35.036475 -85.151612 1 20455 22255 60 0 160
78 35.029359 -85.221366 1 20275 22075 60 0 161
79 35.0083 -85.2069 1 19653 21453 60 0 162
80 35.017494 -85.173294 1 19176 20976 60 0 163
81 35.024155 -85.246448 1 17095 18895 60 0 164
82 35.0083 -85.2069 1 22012 23812 60 0 165
83 35.032887 -85.180522 1 16761 18561 60 0 166
84 35.0424 -85.238659 -1 35275 37186 60 1 0
85 35.0625 -85.130063 -1 37316 39653 60 2 0
86 35.051199 -85.242422 -1 36085 38305 60 3 0
87 35.033794 -85.239677 -1 35901 38091 60 4 0
88 35.046924 -85.167007 -1 35196 37209 60 5 0
89 35.029996 -85.152913 -1 36560 38589 60 6 0
90 35.01757 -85.206107 -1 35790 37971 60 7 0
91 35.051199 -85.242422 -1 35174 37482 60 8 0
92 35.043037 -85.159078 -1 32218 34225 60 9 0
93 35.032854 -85.15476 -1 33153 35364 60 10 0
94 35.010655 -85.216399 -1 32953 35193 60 11 0
95 35.029995 -85.152916 -1 32403 34472 60 12 0
96 35.033507 -85.143582 -1 31527 33519 60 13 0
97 35.051468 -85.241562 -1 31048 33369 60 14 0
98 35.051199 -85.242422 -1 30059 32367 60 15 0
99 35.029609 -85.191331 -1 36862 39065 60 16 0
100 35.055278 -85.135408 -1 29238 31574 60 17 0
101 35.013954 -85.157366 -1 34718 36819 60 18 0
102 35.0083 -85.2069 -1 37310 39731 60 19 0
103 35.044918 -85.158023 -1 41509 43475 60 20 0
104 35.011372 -85.21307 -1 37632 39555 60 21 0
105 35.031756 -85.242255 -1 28465 30313 60 22 0
106 35.01757 -85.206107 -1 52275 54131 60 23 0
107 35.011217 -85.213309 -1 48770 50629 60 24 0
108 35.061216 -85.231064 -1 45193 47243 60 25 0
109 35.044314 -85.152554 -1 44989 46978 60 26 0
110 35.023043 -85.196651 -1 44821 46929 60 27 0
111 35.071804 -85.240502 -1 44422 46578 60 28 0
112 35.023043 -85.196651 -1 43043 44892 60 29 0
113 35.038623 -85.15435 -1 37533 39487 60 30 0
114 35.044314 -85.152554 -1 43057 45061 60 31 0
115 35.024806 -85.178157 -1 42921 44969 60 32 0
116 35.029609 -85.191331 -1 52481 54575 60 33 0
117 35.061632 -85.13329 -1 40089 42331 60 34 0
118 35.0354 -85.1621 -1 39664 41829 60 35 0
119 35.0083 -85.2069 -1 38671 41011 60 36 0
120 35.072902 -85.163231 -1 44511 46844 60 37 0
121 35.0083 -85.2069 -1 38189 40397 60 38 0
122 35.073423 -85.240913 -1 38172 40455 60 39 0
123 35.040131 -85.15097 -1 42900 44833 60 40 0
124 35.024611 -85.155682 -1 28588 30605 60 41 0
125 35.066231 -85.234895 -1 26849 28985 60 42 0
126 35.030771 -85.153658 -1 27288 29283 60 43 0
127 35.018784 -85.203499 -1 14293 16448 60 44 0
128 35.029609 -85.191331 -1 14017 16113 60 45 0
129 35.056186 -85.156781 -1 13338 15355 60 46 0
130 35.0083 -85.2069 -1 15712 18046 60 47 0
131 35.0354 -85.1621 -1 12981 15330 60 48 0
132 35.033431 -85.151947 -1 9949 12337 60 49 0
133 35.035098 -85.239234 -1 9572 11779 60 50 0
134 35.043717 -85.14968 -1 8983 11103 60 51 0
135 35.024155 -85.246448 -1 8826 10979 60 52 0
136 35.051884 -85.16602 -1 7547 9610 60 53 0
137 35.0354 -85.1621 -1 6173 8201 60 54 0
138 35.029098 -85.155252 -1 5683 7714 60 55 0
139 35.024793 -85.246738 -1 5571 7616 60 56 0
140 35.030888 -85.156616 -1 28134 30436 60 57 0
141 35.029996 -85.152913 -1 3528 5601 60 58 0
142 35.045788 -85.156231 -1 2528 4868 60 59 0
143 35.055312 -85.135467 -1 5103 7580 60 60 0
144 35.054673 -85.188491 -1 14520 16541 60 61 0
145 35.0083 -85.2069 -1 15151 17174 60 62 0
146 35.0354 -85.1621 -1 5469 7509 60 63 0
147 35.0354 -85.1621 -1 20509 22840 60 64 0
148 35.061062 -85.133705 -1 17763 20056 60 65 0
149 35.045788 -85.156231 -1 27102 29122 60 66 0
150 35.024853 -85.245605 -1 25893 27934 60 67 0
151 35.03349 -85.241886 -1 25574 27481 60 68 0
152 35.0083 -85.2069 -1 25971 28311 60 69 0
153 35.0083 -85.2069 -1 25610 27918 60 70 0
154 35.024155 -85.246448 -1 24001 25914 60 71 0
155 35.0083 -85.2069 -1 24060 26250 60 72 0
156 35.0625 -85.130063 -1 24116 26453 60 73 0
157 35.011101 -85.214046 -1 26020 28028 60 74 0
158 35.017808 -85.173786 -1 22725 24752 60 75 0
159 35.035222 -85.159744 -1 22577 24644 60 76 0
160 35.032675 -85.244988 -1 22172 24584 60 77 0
161 35.0083 -85.2069 -1 21564 23655 60 78 0
162 35.0625 -85.130063 -1 21269 23606 60 79 0
163 35.016846 -85.199745 -1 20302 22271 60 80 0
164 35.071804 -85.240502 -1 18470 20626 60 81 0
165 35.059785 -85.213619 -1 23662 26024 60 82 0
166 35.024611 -85.155682 -1 18104 20236 60 83 0
