4 12 60
0 35.057 -85.269 0 0 55200 0 0 0
1 35.072867 -85.131414 1 33900 35700 60 0 204
2 35.0083 -85.2069 1 33859 35659 60 0 205
3 35.024155 -85.246448 1 33682 35482 60 0 206
4 35.014926 -85.190781 1 32700 34500 60 0 207
5 35.0083 -85.2069 1 33397 35197 60 0 208
6 35.0083 -85.2069 1 42900 44700 60 0 209
7 35.0523 -85.1776 1 34168 35968 60 0 210
8 35.07726 -85.184332 1 32734 34534 60 0 211
9 35.041217 -85.15343 1 35100 36900 60 0 212
10 35.072269 -85.131608 1 33300 35100 60 0 213
11 35.043548 -85.157666 1 42300 44100 60 0 214
12 35.071106 -85.134323 1 35100 36900 60 0 215
13 35.0083 -85.2069 1 35868 37668 60 0 216
14 35.0083 -85.2069 1 35928 37728 60 0 217
15 35.044696 -85.164301 3 36300 38100 60 0 218
16 35.014926 -85.190781 1 36300 38100 60 0 219
17 35.069041 -85.141132 1 47100 48900 60 0 220
18 35.04488 -85.161444 1 36982 38782 60 0 221
19 35.044696 -85.164301 1 37208 39008 60 0 222
20 35.07374 -85.163732 1 32700 34500 60 0 223
21 35.051928 -85.16614 1 37428 39228 60 0 224
22 35.010724 -85.218213 1 34553 36353 60 0 225
23 35.030831 -85.154664 1 33300 35100 60 0 226
24 35.040698 -85.18439 1 28148 29948 60 0 227
25 35.018492 -85.160546 1 32700 34500 60 0 228
26 35.041211 -85.167023 1 37478 39278 60 0 229
27 35.022682 -85.16069 1 26700 28500 60 0 230
28 35.0083 -85.2069 1 42300 44100 60 0 231
29 35.024155 -85.246448 1 27073 28873 60 0 232
30 35.069041 -85.141132 1 45900 47700 60 0 233
31 35.0083 -85.2069 1 28500 30300 60 0 234
32 35.008454 -85.212601 1 28308 30108 60 0 235
33 35.054574 -85.146014 1 29100 30900 60 0 236
34 35.0354 -85.1621 1 29700 31500 60 0 237
35 35.033498 -85.239701 1 29100 30900 60 0 238
36 35.032664 -85.242019 2 31868 33668 60 0 239
37 35.0083 -85.2069 1 29700 31500 60 0 240
38 35.024155 -85.246448 1 30300 32100 60 0 241
39 35.052555 -85.180038 1 30299 32099 60 0 242
40 35.0083 -85.2069 1 30900 32700 60 0 243
41 35.052555 -85.180038 2 30573 32373 60 0 244
42 35.052555 -85.180038 1 30580 32380 60 0 245
43 35.034689 -85.239628 1 30900 32700 60 0 246
44 35.033498 -85.239701 1 31500 33300 60 0 247
45 35.051266 -85.235119 1 30900 32700 60 0 248
46 35.023649 -85.17967 1 31084 32884 60 0 249
47 35.024155 -85.246448 1 31292 33092 60 0 250
48 35.0083 -85.2069 1 30300 32100 60 0 251
49 35.048556 -85.242571 1 37500 39300 60 0 252
50 35.0083 -85.2069 1 52567 54367 60 0 253
51 35.036687 -85.160278 1 38280 40080 60 0 254
52 35.017963 -85.193876 1 45178 46978 60 0 255
53 35.024137 -85.247329 2 45979 47779 60 0 256
54 35.029465 -85.18601 1 46500 48300 60 0 257
55 35.061062 -85.133702 1 46490 48290 60 0 258
56 35.0083 -85.2069 1 47030 48830 60 0 259
57 35.0083 -85.2069 1 47113 48913 60 0 260
58 35.057218 -85.149537 1 47213 49013 60 0 261
59 35.044696 -85.164301 1 47394 49194 60 0 262
60 35.024155 -85.246448 1 48300 50100 60 0 263
61 35.074146 -85.146364 1 48088 49888 60 0 264
62 35.0083 -85.2069 1 45300 47100 60 0 265
63 35.034735 -85.231543 1 48247 50047 60 0 266
64 35.028486 -85.234272 1 48357 50157 60 0 267
65 35.055332 -85.242872 1 48900 50700 60 0 268
66 35.017589 -85.205502 1 48909 50709 60 0 269
67 35.0354 -85.1621 1 49107 50907 60 0 270
68 35.034315 -85.157609 1 49160 50960 60 0 271
69 35.024155 -85.246448 1 50579 52379 60 0 272
70 35.033424 -85.152205 1 50746 52546 60 0 273
71 35.011372 -85.21307 1 50813 52613 60 0 274
72 35.00887 -85.205104 1 52349 54149 60 0 275
73 35.02699 -85.190572 1 26585 28385 60 0 276
74 35.034735 -85.231543 1 48348 50148 60 0 277
75 35.052047 -85.132042 2 38100 39900 60 0 278
76 35.0083 -85.2069 1 45300 47100 60 0 279
77 35.069041 -85.141132 1 44414 46214 60 0 280
78 35.0083 -85.2069 1 38700 40500 60 0 281
79 35.0157 -85.1922 1 39300 41100 60 0 282
80 35.024155 -85.246448 1 38927 40727 60 0 283
81 35.0083 -85.2069 1 39900 41700 60 0 284
82 35.033145 -85.151301 1 39643 41443 60 0 285
83 35.0083 -85.2069 1 39681 41481 60 0 286
84 35.010366 -85.204549 1 39944 41744 60 0 287
85 35.010426 -85.220404 1 40500 42300 60 0 288
86 35.0354 -85.1621 1 40365 42165 60 0 289
87 35.01757 -85.206107 1 41100 42900 60 0 290
88 35.0354 -85.1621 1 49500 51300 60 0 291
89 35.029996 -85.152913 1 40810 42610 60 0 292
90 35.072902 -85.163231 1 41700 43500 60 0 293
91 35.073723 -85.163671 1 42900 44700 60 0 294
92 35.017578 -85.17321 1 42241 44041 60 0 295
93 35.008568 -85.211381 1 42286 44086 60 0 296
94 35.029996 -85.152913 1 42300 44100 60 0 297
95 35.022463 -85.195206 1 42900 44700 60 0 298
96 35.025442 -85.178551 1 43500 45300 60 0 299
97 35.02567 -85.178843 1 43722 45522 60 0 300
98 35.013954 -85.157366 3 44100 45900 60 0 301
99 35.054296 -85.188192 2 47700 49500 60 0 302
100 35.029996 -85.152913 1 41624 43424 60 0 303
101 35.0083 -85.2069 1 26518 28318 60 0 304
102 35.050401 -85.178685 1 2786 4586 60 0 305
103 35.010777 -85.2182 1 26700 28500 60 0 306
104 35.018496 -85.188797 1 9102 10902 60 0 307
105 35.0083 -85.2069 1 9765 11565 60 0 308
106 35.044296 -85.22413 1 9975 11775 60 0 309
107 35.054574 -85.146014 1 10805 12605 60 0 310
108 35.024155 -85.246448 1 12482 14282 60 0 311
109 35.047952 -85.242276 1 12575 14375 60 0 312
110 35.0083 -85.2069 1 13500 15300 60 0 313
111 35.023827 -85.180296 1 12666 14466 60 0 314
112 35.052047 -85.132042 1 12926 14726 60 0 315
113 35.030502 -85.17694 1 13276 15076 60 0 316
114 35.044303 -85.224108 1 13477 15277 60 0 317
115 35.051883 -85.166018 1 13565 15365 60 0 318
116 35.04616 -85.233533 1 14100 15900 60 0 319
117 35.032793 -85.239713 2 13995 15795 60 0 320
118 35.054588 -85.143547 1 14087 15887 60 0 321
119 35.055332 -85.242872 1 15243 17043 60 0 322
120 35.051199 -85.242422 1 15432 17232 60 0 323
121 35.044526 -85.237749 1 15506 17306 60 0 324
122 35.041312 -85.153865 1 15551 17351 60 0 325
123 35.033663 -85.236675 2 15635 17435 60 0 326
124 35.012388 -85.189531 1 15733 17533 60 0 327
125 35.014597 -85.163783 1 8989 10789 60 0 328
126 35.039354 -85.224217 1 12900 14700 60 0 329
127 35.024155 -85.246448 1 11100 12900 60 0 330
128 35.016657 -85.226236 1 11100 12900 60 0 331
129 35.013432 -85.228443 1 0 900 60 0 332
130 35.039167 -85.239916 1 0 900 60 0 333
131 35.02963 -85.230177 1 0 900 60 0 334
132 35.073488 -85.24097 1 0 900 60 0 335
133 35.013432 -85.228443 1 0 900 60 0 336
134 35.069041 -85.141132 1 338 2138 60 0 337
135 35.024806 -85.178157 1 1590 3390 60 0 338
136 35.03349 -85.241886 1 1963 3763 60 0 339
137 35.0083 -85.2069 1 2689 4489 60 0 340
138 35.043037 -85.159078 1 2893 4693 60 0 341
139 35.024155 -85.246448 2 15859 17659 60 0 342
140 35.048651 -85.13452 1 2934 4734 60 0 343
141 35.060603 -85.210442 1 6300 8100 60 0 344
142 35.029359 -85.221366 1 4559 6359 60 0 345
143 35.05283 -85.241568 1 11700 13500 60 0 346
144 35.057442 -85.196411 1 5054 6854 60 0 347
145 35.019287 -85.226036 1 5532 7332 60 0 348
146 35.017646 -85.188869 1 6219 8019 60 0 349
147 35.060603 -85.210442 1 20700 22500 60 0 350
148 35.023455 -85.179658 1 26191 27991 60 0 351
149 35.0474 -85.167135 1 7405 9205 60 0 352
150 35.021036 -85.228633 1 7467 9267 60 0 353
151 35.052086 -85.228508 1 3036 4836 60 0 354
152 35.0354 -85.1621 1 15946 17746 60 0 355
153 35.03821 -85.221006 1 8700 10500 60 0 356
154 35.033486 -85.143581 1 16159 17959 60 0 357
155 35.0354 -85.1621 1 22179 23979 60 0 358
156 35.013658 -85.227305 1 22500 24300 60 0 359
157 35.023824 -85.219453 1 22406 24206 60 0 360
158 35.023824 -85.219453 1 35100 36900 60 0 361
159 35.040959 -85.188526 1 29700 31500 60 0 362
160 35.021848 -85.236791 1 23100 24900 60 0 363
161 35.0354 -85.1621 1 22823 24623 60 0 364
162 35.069896 -85.140454 1 23152 24952 60 0 365
163 35.062275 -85.132743 1 23700 25500 60 0 366
164 35.024155 -85.246448 1 23920 25720 60 0 367
165 35.0157 -85.1922 2 21900 23700 60 0 368
166 35.039594 -85.22335 1 23922 25722 60 0 369
167 35.0157 -85.1922 1 25030 26830 60 0 370
168 35.059785 -85.213619 1 25192 26992 60 0 371
169 35.0083 -85.2069 2 25258 27058 60 0 372
170 35.03349 -85.241886 1 25299 27099 60 0 373
171 35.02916 -85.15547 1 25420 27220 60 0 374
172 35.0083 -85.2069 1 25435 27235 60 0 375
173 35.042112 -85.238438 1 26100 27900 60 0 376
174 35.041211 -85.167023 1 29100 30900 60 0 377
175 35.048556 -85.242571 1 26042 27842 60 0 378
176 35.0157 -85.1922 1 17100 18900 60 0 379
177 35.0083 -85.2069 1 24638 26438 60 0 380
178 35.0083 -85.2069 1 23100 24900 60 0 381
179 35.008454 -85.212601 1 24904 26704 60 0 382
180 35.054554 -85.196994 1 23100 24900 60 0 383
181 35.044296 -85.22413 1 16683 18483 60 0 384
182 35.03801 -85.147253 1 21900 23700 60 0 385
183 35.061802 -85.133796 1 17100 18900 60 0 386
184 35.0083 -85.2069 1 17051 18851 60 0 387
185 35.052555 -85.180038 1 17100 18900 60 0 388
186 35.016235 -85.199959 1 17525 19325 60 0 389
187 35.038021 -85.240163 1 17700 19500 60 0 390
188 35.030286 -85.184626 1 17700 19500 60 0 391
189 35.024155 -85.246448 1 18300 20100 60 0 392
190 35.055278 -85.135408 1 18300 20100 60 0 393
191 35.034723 -85.1799 1 18300 20100 60 0 394
192 35.008568 -85.211381 1 18300 20100 60 0 395
193 35.005251 -85.151636 1 20100 21900 60 0 396
194 35.041396 -85.223824 1 20700 22500 60 0 397
195 35.008454 -85.212601 1 19001 20801 60 0 398
196 35.044696 -85.164301 1 20340 22140 60 0 399
197 35.029996 -85.152913 1 20100 21900 60 0 400
198 35.023043 -85.196651 1 26100 27900 60 0 401
199 35.0424 -85.238659 1 20729 22529 60 0 402
200 35.075305 -85.187662 1 36300 38100 60 0 403
201 35.062275 -85.132743 1 20100 21900 60 0 404
202 35.023827 -85.180296 1 19191 20991 60 0 405
203 35.037698 -85.219563 1 27900 29700 60 0 406
204 35.039167 -85.239916 -1 35749 38260 60 1 0
205 35.055278 -85.135408 -1 35474 37810 60 2 0
206 35.047092 -85.237302 -1 34765 36702 60 3 0
207 35.062275 -85.132743 -1 34291 36609 60 4 0
208 35.059785 -85.213619 -1 35047 37409 60 5 0
209 35.07623 -85.153078 -1 44519 46858 60 6 0
210 35.040959 -85.188526 -1 35234 37158 60 7 0
211 35.046146 -85.156242 -1 34180 36389 60 8 0
212 35.054296 -85.188192 -1 36276 38283 60 9 0
213 35.04488 -85.161444 -1 34692 36861 60 10 0
214 35.072867 -85.131414 -1 43693 45862 60 11 0
215 35.044697 -85.164299 -1 36461 38606 60 12 0
216 35.023455 -85.179658 -1 37181 39290 60 13 0
217 35.019287 -85.226036 -1 37129 39154 60 14 0
218 35.013954 -85.157366 -3 37662 39808 60 15 0
219 35.0354 -85.1621 -1 37636 39763 60 16 0
220 35.029892 -85.157224 -1 48621 50886 60 17 0
221 35.061802 -85.133796 -1 38124 40105 60 18 0
222 35.054588 -85.143547 -1 38367 40361 60 19 0
223 35.0083 -85.2069 -1 34288 36604 60 20 0
224 35.029996 -85.152913 -1 38693 40766 60 21 0
225 35.021036 -85.228633 -1 35644 37587 60 22 0
226 35.045673 -85.137351 -1 34534 36584 60 23 0
227 35.076073 -85.156639 -1 29639 31882 60 24 0
228 35.023043 -85.196651 -1 34013 36122 60 25 0
229 35.06151 -85.136978 -1 38682 40710 60 26 0
230 35.055278 -85.135408 -1 28130 30327 60 27 0
231 35.057442 -85.196409 -1 43762 45983 60 28 0
232 35.047969 -85.243085 -1 28196 30163 60 29 0
233 35.061203 -85.131689 -1 47086 49100 60 30 0
234 35.044296 -85.22413 -1 29944 32152 60 31 0
235 35.044526 -85.237749 -1 29694 31858 60 32 0
236 35.027744 -85.156033 -1 30322 32363 60 33 0
237 35.0157 -85.1922 -1 30962 33033 60 34 0
238 35.024155 -85.246448 -1 30126 32020 60 35 0
239 35.02385 -85.247424 -2 32862 34732 60 36 0
240 35.038021 -85.240163 -1 31114 33299 60 37 0
241 35.055332 -85.242872 -1 31563 33635 60 38 0
242 35.0083 -85.2069 -1 31697 33870 60 39 0
243 35.014955 -85.190818 -1 32252 34391 60 40 0
244 35.0083 -85.2069 -2 31971 34144 60 41 0
245 35.024833 -85.245575 -1 32064 34302 60 42 0
246 35.0083 -85.2069 -1 32335 34536 60 43 0
247 35.0083 -85.2069 -1 32915 35101 60 44 0
248 35.024155 -85.246448 -1 32020 33985 60 45 0
249 35.0354 -85.1621 -1 32324 34379 60 46 0
250 35.05283 -85.241568 -1 32491 34515 60 47 0
251 35.052557 -85.180032 -1 31709 33890 60 48 0
252 35.024155 -85.246448 -1 38641 40621 60 49 0
253 35.033917 -85.22982 -1 54037 56264 60 50 0
254 35.024806 -85.178157 -1 39507 41552 60 51 0
255 35.0083 -85.2069 -1 46314 48291 60 52 0
256 35.033431 -85.151947 -2 47715 50142 60 53 0
257 35.038848 -85.14872 -1 47751 49814 60 54 0
258 35.072902 -85.163231 -1 47630 49610 60 55 0
259 35.011372 -85.21307 -1 48065 49966 60 56 0
260 35.034689 -85.239628 -1 48547 50747 60 57 0
261 35.043282 -85.166954 -1 48477 50550 60 58 0
262 35.07374 -85.163732 -1 48593 50617 60 59 0
263 35.031756 -85.242255 -1 49265 51113 60 60 0
264 35.0354 -85.1621 -1 49554 51778 60 61 0
265 35.033498 -85.239701 -1 46715 48901 60 62 0
266 35.00887 -85.205104 -1 49778 52051 60 63 0
267 35.024155 -85.246448 -1 49462 51415 60 64 0
268 35.024155 -85.246448 -1 50166 52240 60 65 0
269 35.0083 -85.2069 -1 49974 51897 60 66 0
270 35.074146 -85.146364 -1 50617 52874 60 67 0
271 35.014182 -85.162794 -1 50349 52365 60 68 0
272 35.055332 -85.242872 -1 51842 53914 60 69 0
273 35.033484 -85.241879 -1 52466 54881 60 70 0
274 35.0083 -85.2069 -1 51850 53752 60 71 0
275 35.034735 -85.231543 -1 53882 56156 60 72 0
276 35.03801 -85.147253 -1 27873 29964 60 73 0
277 35.0083 -85.2069 -1 49844 52091 60 74 0
278 35.0083 -85.2069 -2 39747 42107 60 75 0
279 35.033498 -85.239701 -1 46715 48901 60 76 0
280 35.005373 -85.149152 -1 46187 48641 60 77 0
281 35.051266 -85.235119 -1 40209 42465 60 78 0
282 35.029359 -85.221366 -1 40648 42784 60 79 0
283 35.03286 -85.242462 -1 39951 41844 60 80 0
284 35.055332 -85.242872 -1 41555 43921 60 81 0
285 35.025486 -85.17082 -1 40861 42899 60 82 0
286 35.035588 -85.152041 -1 41227 43511 60 83 0
287 35.018011 -85.19446 -1 41108 43106 60 84 0
288 35.047092 -85.237302 -1 41820 43935 60 85 0
289 35.023827 -85.180296 -1 41573 43604 60 86 0
290 35.044696 -85.164301 -1 42302 44328 60 87 0
291 35.042605 -85.129262 -1 50858 53001 60 88 0
292 35.030502 -85.17694 -1 42127 44239 60 89 0
293 35.06151 -85.136978 -1 42837 44814 60 90 0
294 35.0354 -85.1621 -1 44324 46517 60 91 0
295 35.016235 -85.199959 -1 43353 45312 60 92 0
296 35.042112 -85.238438 -1 43689 45866 60 93 0
297 35.030437 -85.13824 -1 43535 45586 60 94 0
298 35.069041 -85.141132 -1 44500 46825 60 95 0
299 35.075665 -85.129852 -1 45108 47439 60 96 0
300 35.075665 -85.129852 -1 45334 47668 60 97 0
301 35.03801 -85.147253 -3 45407 47512 60 98 0
302 35.0354 -85.1621 -2 48929 50975 60 99 0
303 35.054574 -85.146014 -1 42847 44889 60 100 0
304 35.052555 -85.180038 -1 27927 30108 60 101 0
305 35.056186 -85.156781 -1 3976 5993 60 102 0
306 35.041396 -85.223824 -1 27959 30028 60 103 0
307 35.03801 -85.147253 -1 10475 12629 60 104 0
308 35.014926 -85.190781 -1 11087 13203 60 105 0
309 35.0083 -85.2069 -1 11419 13627 60 106 0
310 35.041012 -85.155347 -1 11934 13905 60 107 0
311 35.03349 -85.241886 -1 13525 15432 60 108 0
312 35.044696 -85.164301 -1 14070 16316 60 109 0
313 35.052185 -85.18202 -1 14978 17211 60 110 0
314 35.0354 -85.1621 -1 13931 16004 60 111 0
315 35.030348 -85.159684 -1 14432 16686 60 112 0
316 35.030348 -85.159684 -1 14616 16746 60 113 0
317 35.024155 -85.246448 -1 14661 16674 60 114 0
318 35.041312 -85.153865 -1 14663 16611 60 115 0
319 35.0083 -85.2069 -1 15573 17802 60 116 0
320 35.010426 -85.220404 -2 15255 17325 60 117 0
321 35.044696 -85.164301 -1 15251 17249 60 118 0
322 35.034723 -85.1799 -1 16877 19227 60 119 0
323 35.024155 -85.246448 -1 16621 18637 60 120 0
324 35.009546 -85.214465 -1 16878 19032 60 121 0
325 35.051883 -85.166018 -1 16651 18601 60 122 0
326 35.024155 -85.246448 -2 16715 18650 60 123 0
327 35.0083 -85.2069 -1 17045 19154 60 124 0
328 35.031678 -85.155323 -1 10070 12005 60 125 0
329 35.024155 -85.246448 -1 14040 16020 60 126 0
330 35.016982 -85.150651 -1 12850 15287 60 127 0
331 35.030286 -85.184626 -1 12353 14417 60 128 0
332 35.072269 -85.131608 -1 897 3369 60 129 0
333 35.072867 -85.131414 -1 948 3459 60 130 0
334 35.072867 -85.131414 -1 1050 3637 60 131 0
335 35.023824 -85.219453 -1 606 2860 60 132 0
336 35.074146 -85.146364 -1 786 3175 60 133 0
337 35.022463 -85.195206 -1 1877 4156 60 134 0
338 35.0354 -85.1621 -1 2794 4822 60 135 0
339 35.024155 -85.246448 -1 3010 4920 60 136 0
340 35.012388 -85.189531 -1 4006 6118 60 137 0
341 35.069041 -85.141132 -1 4313 6503 60 138 0
342 35.0157 -85.1922 -2 17214 19355 60 139 0
343 35.024793 -85.246738 -1 4753 7242 60 140 0
344 35.024155 -85.246448 -1 7701 9876 60 141 0
345 35.024155 -85.246448 -1 5776 7813 60 142 0
346 35.024155 -85.246448 -1 12902 14928 60 143 0
347 35.024155 -85.246448 -1 6489 8690 60 144 0
348 35.013268 -85.206963 -1 6726 8746 60 145 0
349 35.059187 -85.138132 -1 7658 9862 60 146 0
350 35.024155 -85.246448 -1 22101 24276 60 147 0
351 35.035588 -85.152041 -1 27533 29664 60 148 0
352 35.041672 -85.151848 -1 8524 10488 60 149 0
353 35.009534 -85.213112 -1 8606 10585 60 150 0
354 35.024155 -85.246448 -1 4280 6338 60 151 0
355 35.023827 -85.180296 -1 17154 19185 60 152 0
356 35.024155 -85.246448 -1 9885 11898 60 153 0
357 35.008902 -85.152889 -1 17502 19634 60 154 0
358 35.024611 -85.155682 -1 23369 25386 60 155 0
359 35.034096 -85.242692 -1 23791 25884 60 156 0
360 35.024155 -85.246448 -1 23602 25624 60 157 0
361 35.024155 -85.246448 -1 36296 38318 60 158 0
362 35.0523 -85.1776 -1 30766 32690 60 159 0
363 35.070232 -85.14371 -1 24921 27411 60 160 0
364 35.02916 -85.15547 -1 23975 25964 60 161 0
365 35.031654 -85.155289 -1 24669 26931 60 162 0
366 35.0157 -85.1922 -1 25176 27408 60 163 0
367 35.05471 -85.194245 -1 25272 27411 60 164 0
368 35.024155 -85.246448 -2 23249 25385 60 165 0
369 35.023285 -85.160866 -1 25689 28139 60 166 0
370 35.0354 -85.1621 -1 26293 28365 60 167 0
371 35.0083 -85.2069 -1 26804 29138 60 168 0
372 35.052557 -85.180032 -2 26667 28848 60 169 0
373 35.024155 -85.246448 -1 26346 28256 60 170 0
374 35.043282 -85.166954 -1 26604 28617 60 171 0
375 35.052555 -85.180038 -1 26844 29025 60 172 0
376 35.008568 -85.211381 -1 27504 29682 60 173 0
377 35.076074 -85.156636 -1 30416 32528 60 174 0
378 35.024155 -85.246448 -1 27183 29163 60 175 0
379 35.0083 -85.2069 -1 18282 20293 60 176 0
380 35.044314 -85.152554 -1 26134 28381 60 177 0
381 35.044296 -85.22413 -1 24544 26752 60 178 0
382 35.03821 -85.221006 -1 26197 28291 60 179 0
383 35.0083 -85.2069 -1 24478 26636 60 180 0
384 35.0083 -85.2069 -1 18127 20335 60 181 0
385 35.018496 -85.188797 -1 23301 25476 60 182 0
386 35.044696 -85.164301 -1 18258 20251 60 183 0
387 35.005251 -85.151636 -1 18527 20759 60 184 0
388 35.0083 -85.2069 -1 18498 20671 60 185 0
389 35.017578 -85.17321 -1 18621 20568 60 186 0
390 35.054554 -85.196994 -1 18928 20974 60 187 0
391 35.016657 -85.226236 -1 18955 21021 60 188 0
392 35.051199 -85.242422 -1 19485 21498 60 189 0
393 35.022682 -85.16069 -1 19731 21929 60 190 0
394 35.024155 -85.246448 -1 19738 21941 60 191 0
395 35.042112 -85.238438 -1 19703 21880 60 192 0
396 35.024155 -85.246448 -1 21759 24128 60 193 0
397 35.010777 -85.2182 -1 21959 24028 60 194 0
398 35.043037 -85.159078 -1 20363 22509 60 195 0
399 35.048556 -85.242571 -1 21859 24123 60 196 0
400 35.054574 -85.146014 -1 21323 23365 60 197 0
401 35.018492 -85.160546 -1 27417 29529 60 198 0
402 35.024155 -85.246448 -1 21780 23693 60 199 0
403 35.023043 -85.196651 -1 37638 39766 60 200 0
404 35.0157 -85.1922 -1 21576 23808 60 201 0
405 35.034545 -85.158768 -1 20614 22806 60 202 0
406 35.070451 -85.134726 -1 29638 32066 60 203 0
