4 12 60
0 35.057 -85.269 0 0 55200 0 0 0
1 35.029996 -85.152913 1 30900 32700 60 0 176
2 35.0083 -85.2069 1 31500 33300 60 0 177
3 35.0424 -85.238659 1 32100 33900 60 0 178
4 35.0083 -85.2069 1 29786 31586 60 0 179
5 35.025074 -85.148981 1 31270 33070 60 0 180
6 35.05471 -85.194245 1 32700 34500 60 0 181
7 35.03713 -85.160081 1 30157 31957 60 0 182
8 35.0083 -85.2069 1 31893 33693 60 0 183
9 35.034545 -85.158768 1 34500 36300 60 0 184
10 35.054574 -85.146014 1 32426 34226 60 0 185
11 35.074146 -85.146364 3 33900 35700 60 0 186
12 35.055278 -85.135408 1 33300 35100 60 0 187
13 35.074146 -85.146364 1 33300 35100 60 0 188
14 35.0083 -85.2069 1 34500 36300 60 0 189
15 35.052047 -85.132042 2 33900 35700 60 0 190
16 35.034965 -85.239235 1 33818 35618 60 0 191
17 35.044303 -85.224108 1 29735 31535 60 0 192
18 35.023824 -85.219453 1 34500 36300 60 0 193
19 35.0083 -85.2069 1 32700 34500 60 0 194
20 35.034041 -85.232203 1 29353 31153 60 0 195
21 35.0354 -85.1621 2 26700 28500 60 0 196
22 35.024155 -85.246448 1 28773 30573 60 0 197
23 35.074146 -85.146364 1 34500 36300 60 0 198
24 35.051377 -85.228932 1 25481 27281 60 0 199
25 35.035587 -85.152041 1 26700 28500 60 0 200
26 35.0523 -85.1776 1 25903 27703 60 0 201
27 35.0083 -85.2069 1 26700 28500 60 0 202
28 35.024155 -85.246448 1 26700 28500 60 0 203
29 35.038863 -85.1711 1 26700 28500 60 0 204
30 35.055278 -85.135408 1 26700 28500 60 0 205
31 35.029716 -85.181709 1 29211 31011 60 0 206
32 35.04488 -85.161444 1 29100 30900 60 0 207
33 35.039167 -85.239916 1 26700 28500 60 0 208
34 35.026195 -85.221012 2 27300 29100 60 0 209
35 35.028457 -85.220404 1 27558 29358 60 0 210
36 35.044303 -85.224108 1 27900 29700 60 0 211
37 35.029996 -85.152913 1 27994 29794 60 0 212
38 35.0354 -85.1621 1 28500 30300 60 0 213
39 35.008568 -85.211381 1 28154 29954 60 0 214
40 35.0083 -85.2069 1 28500 30300 60 0 215
41 35.044696 -85.164301 1 26750 28550 60 0 216
42 35.029996 -85.152913 1 35100 36900 60 0 217
43 35.0083 -85.2069 1 45180 46980 60 0 218
44 35.0083 -85.2069 1 35700 37500 60 0 219
45 35.059785 -85.213619 1 42900 44700 60 0 220
46 35.033145 -85.151301 1 43291 45091 60 0 221
47 35.055278 -85.135408 1 47100 48900 60 0 222
48 35.032599 -85.150549 1 44100 45900 60 0 223
49 35.0354 -85.1621 1 49500 51300 60 0 224
50 35.043064 -85.159181 1 44887 46687 60 0 225
51 35.008568 -85.211381 1 45900 47700 60 0 226
52 35.0354 -85.1621 1 45866 47666 60 0 227
53 35.036747 -85.160312 1 42554 44354 60 0 228
54 35.024155 -85.246448 1 46150 47950 60 0 229
55 35.069041 -85.141132 1 46397 48197 60 0 230
56 35.0083 -85.2069 1 47216 49016 60 0 231
57 35.008568 -85.211381 1 47418 49218 60 0 232
58 35.025471 -85.178604 1 47802 49602 60 0 233
59 35.035306 -85.239294 1 50045 51845 60 0 234
60 35.041217 -85.15343 2 51284 53084 60 0 235
61 35.061216 -85.231064 3 52008 53808 60 0 236
62 35.055278 -85.135408 1 26700 28500 60 0 237
63 35.024155 -85.246448 1 46350 48150 60 0 238
64 35.0354 -85.1621 1 42243 44043 60 0 239
65 35.01757 -85.206107 1 41957 43757 60 0 240
66 35.024872 -85.247834 2 41684 43484 60 0 241
67 35.0083 -85.2069 1 35924 37724 60 0 242
68 35.02404 -85.179605 1 36202 38002 60 0 243
69 35.029838 -85.245152 1 36598 38398 60 0 244
70 35.024155 -85.246448 1 36701 38501 60 0 245
71 35.0083 -85.2069 1 42300 44100 60 0 246
72 35.053905 -85.193558 1 36837 38637 60 0 247
73 35.0083 -85.2069 1 36899 38699 60 0 248
74 35.024155 -85.246448 1 36996 38796 60 0 249
75 35.069041 -85.141132 1 45900 47700 60 0 250
76 35.054574 -85.146014 1 38100 39900 60 0 251
77 35.034478 -85.152574 1 38700 40500 60 0 252
78 35.04488 -85.161444 1 39300 41100 60 0 253
79 35.009073 -85.207444 1 38766 40566 60 0 254
80 35.024155 -85.246448 1 40500 42300 60 0 255
81 35.010426 -85.220404 1 39900 41700 60 0 256
82 35.061802 -85.133796 1 41700 43500 60 0 257
83 35.013954 -85.157366 1 41700 43500 60 0 258
84 35.0354 -85.1621 1 40984 42784 60 0 259
85 35.0083 -85.2069 1 41700 43500 60 0 260
86 35.0083 -85.2069 1 34708 36508 60 0 261
87 35.039167 -85.239916 1 25063 26863 60 0 262
88 35.022221 -85.159319 1 19033 20833 60 0 263
89 35.0083 -85.2069 1 24900 26700 60 0 264
90 35.019196 -85.226044 1 6946 8746 60 0 265
91 35.03497 -85.159068 1 7136 8936 60 0 266
92 35.051199 -85.242422 1 15300 17100 60 0 267
93 35.024155 -85.246448 1 7349 9149 60 0 268
94 35.049011 -85.149444 1 7861 9661 60 0 269
95 35.051468 -85.241562 1 7874 9674 60 0 270
96 35.0354 -85.1621 1 7878 9678 60 0 271
97 35.005373 -85.149152 1 8492 10292 60 0 272
98 35.052047 -85.132042 2 6434 8234 60 0 273
99 35.07226 -85.241019 1 9364 11164 60 0 274
100 35.021036 -85.228633 1 9454 11254 60 0 275
101 35.046553 -85.233201 1 9887 11687 60 0 276
102 35.023062 -85.197865 1 11571 13371 60 0 277
103 35.024155 -85.246448 1 11672 13472 60 0 278
104 35.016289 -85.199959 1 11865 13665 60 0 279
105 35.008963 -85.205017 1 12062 13862 60 0 280
106 35.023827 -85.180296 1 12190 13990 60 0 281
107 35.017761 -85.172293 1 12325 14125 60 0 282
108 35.048651 -85.13452 1 9429 11229 60 0 283
109 35.033431 -85.151947 1 13500 15300 60 0 284
110 35.045673 -85.137351 1 8100 9900 60 0 285
111 35.061062 -85.133705 1 4491 6291 60 0 286
112 35.03286 -85.242462 1 26100 27900 60 0 287
113 35.013428 -85.228422 4 0 900 60 0 288
114 35.044582 -85.162337 1 0 916 60 0 289
115 35.049744 -85.238771 1 13500 15300 60 0 290
116 35.029996 -85.152913 1 51300 53100 60 0 291
117 35.038021 -85.240163 1 725 2525 60 0 292
118 35.04212 -85.23846 1 813 2613 60 0 293
119 35.023043 -85.19665 1 1116 2916 60 0 294
120 35.024806 -85.178157 1 1607 3407 60 0 295
121 35.040959 -85.188526 1 4500 6300 60 0 296
122 35.0083 -85.2069 1 2544 4344 60 0 297
123 35.0083 -85.2069 1 5100 6900 60 0 298
124 35.0083 -85.2069 1 3146 4946 60 0 299
125 35.043037 -85.159078 1 3334 5134 60 0 300
126 35.0083 -85.2069 1 3912 5712 60 0 301
127 35.038021 -85.240163 1 7500 9300 60 0 302
128 35.040741 -85.221496 1 50100 51900 60 0 303
129 35.04738 -85.167137 1 4379 6179 60 0 304
130 35.052087 -85.228505 1 5700 7500 60 0 305
131 35.03497 -85.159068 1 12847 14647 60 0 306
132 35.0083 -85.2069 1 51900 53700 60 0 307
133 35.048716 -85.236514 1 2100 3900 60 0 308
134 35.00887 -85.205104 1 42300 44100 60 0 309
135 35.048706 -85.242056 1 21898 23698 60 0 310
136 35.052557 -85.180032 1 22022 23822 60 0 311
137 35.0354 -85.1621 1 22067 23867 60 0 312
138 35.061802 -85.133796 1 22258 24058 60 0 313
139 35.0157 -85.1922 1 22613 24413 60 0 314
140 35.053905 -85.193558 1 22813 24613 60 0 315
141 35.0157 -85.1922 1 22832 24632 60 0 316
142 35.0523 -85.1776 1 23100 24900 60 0 317
143 35.0083 -85.2069 1 21724 23524 60 0 318
144 35.024155 -85.246448 1 23700 25500 60 0 319
145 35.048556 -85.242571 1 24300 26100 60 0 320
146 35.061632 -85.13329 1 24900 26700 60 0 321
147 35.052315 -85.152748 1 24300 26100 60 0 322
148 35.055278 -85.135408 1 24900 26700 60 0 323
149 35.022682 -85.16069 1 24900 26700 60 0 324
150 35.051199 -85.242422 1 25500 27300 60 0 325
151 35.03349 -85.241886 1 26100 27900 60 0 326
152 35.04212 -85.23846 1 13314 15114 60 0 327
153 35.061802 -85.133796 1 23700 25500 60 0 328
154 35.043548 -85.157666 1 22500 24300 60 0 329
155 35.041312 -85.153865 1 24900 26700 60 0 330
156 35.0354 -85.1621 1 21113 22913 60 0 331
157 35.061203 -85.131689 1 21352 23152 60 0 332
158 35.024155 -85.246448 1 16453 18253 60 0 333
159 35.045561 -85.163173 1 16810 18610 60 0 334
160 35.024155 -85.246448 1 17057 18857 60 0 335
161 35.047092 -85.237302 1 17226 19026 60 0 336
162 35.073423 -85.240913 1 17430 19230 60 0 337
163 35.055332 -85.242872 1 18581 20381 60 0 338
164 35.023738 -85.222372 1 18632 20432 60 0 339
165 35.021046 -85.141334 1 18673 20473 60 0 340
166 35.008568 -85.211381 1 16781 18581 60 0 341
167 35.0424 -85.238659 1 14770 16570 60 0 342
168 35.047092 -85.237302 1 19320 21120 60 0 343
169 35.054574 -85.146014 1 20100 21900 60 0 344
170 35.023687 -85.158543 1 38700 40500 60 0 345
171 35.054554 -85.196994 1 19974 21774 60 0 346
172 35.0083 -85.2069 1 20245 22045 60 0 347
173 35.072902 -85.163231 1 20435 22235 60 0 348
174 35.0354 -85.1621 1 18837 20637 60 0 349
175 35.059785 -85.213619 1 20876 22676 60 0 350
176 35.052315 -85.152748 -1 32166 34240 60 1 0
177 35.03286 -85.242462 -1 32916 35103 60 2 0
178 35.024155 -85.246448 -1 33151 35064 60 3 0
179 35.073627 -85.188247 -1 31279 33523 60 4 0
180 35.031784 -85.160201 -1 32494 34537 60 5 0
181 35.024155 -85.246448 -1 34058 36201 60 6 0
182 35.024806 -85.178157 -1 31382 33425 60 7 0
183 35.019196 -85.226044 -1 33094 35119 60 8 0
184 35.055278 -85.135408 -1 35888 38054 60 9 0
185 35.036475 -85.151612 -1 33584 35577 60 10 0
186 35.013658 -85.227305 -3 35604 38007 60 11 0
187 35.013954 -85.157366 -1 34799 37048 60 12 0
188 35.044696 -85.164301 -1 34582 36668 60 13 0
189 35.051199 -85.242422 -1 36078 38386 60 14 0
190 35.0354 -85.1621 -2 35283 37445 60 15 0
191 35.0083 -85.2069 -1 35261 37468 60 16 0
192 35.024155 -85.246445 -1 30919 32932 60 17 0
193 35.010723 -85.218215 -1 35611 37569 60 18 0
194 35.055278 -85.135408 -1 34315 36651 60 19 0
195 35.042827 -85.158853 -1 30950 33272 60 20 0
196 35.061203 -85.131689 -2 28080 30240 60 21 0
197 35.038021 -85.240163 -1 29795 31686 60 22 0
198 35.044696 -85.164301 -1 35782 37868 60 23 0
199 35.024155 -85.246448 -1 26707 28751 60 24 0
200 35.071782 -85.155066 -1 28070 30222 60 25 0
201 35.0083 -85.2069 -1 27328 29521 60 26 0
202 35.023716 -85.222372 -1 27921 29961 60 27 0
203 35.031756 -85.242255 -1 27665 29513 60 28 0
204 35.054574 -85.146014 -1 27789 29730 60 29 0
205 35.03497 -85.159068 -1 28111 30294 60 30 0
206 35.038446 -85.1957 -1 30417 32446 60 31 0
207 35.076074 -85.156636 -1 30362 32433 60 32 0
208 35.008568 -85.211381 -1 28068 30219 60 33 0
209 35.032793 -85.239713 -2 28506 30535 60 34 0
210 35.025693 -85.248732 -1 28793 30844 60 35 0
211 35.0083 -85.2069 -1 29344 31552 60 36 0
212 35.014926 -85.190781 -1 29419 31612 60 37 0
213 35.0523 -85.1776 -1 29766 31840 60 38 0
214 35.072936 -85.240604 -1 29849 32245 60 39 0
215 35.048556 -85.242571 -1 30031 32304 60 40 0
216 35.053905 -85.193558 -1 27920 29922 60 41 0
217 35.055278 -85.135408 -1 36424 38542 60 42 0
218 35.038021 -85.240163 -1 46594 48779 60 43 0
219 35.044303 -85.224108 -1 37144 39352 60 44 0
220 35.0083 -85.2069 -1 44512 46846 60 45 0
221 35.025967 -85.17111 -1 44531 46586 60 46 0
222 35.0083 -85.2069 -1 48715 51051 60 47 0
223 35.061802 -85.133796 -1 45434 47559 60 48 0
224 35.042605 -85.129262 -1 50858 53001 60 49 0
225 35.072867 -85.131414 -1 46278 48446 60 50 0
226 35.04212 -85.23846 -1 47303 49480 60 51 0
227 35.062275 -85.132743 -1 47239 49393 60 52 0
228 35.052315 -85.152748 -1 43826 45905 60 53 0
229 35.031756 -85.242255 -1 47115 48963 60 54 0
230 35.029968 -85.156058 -1 47892 50138 60 55 0
231 35.059785 -85.213619 -1 48866 51228 60 56 0
232 35.046553 -85.233201 -1 48858 51063 60 57 0
233 35.070744 -85.137405 -1 49301 51550 60 58 0
234 35.0083 -85.2069 -1 51491 53700 60 59 0
235 35.02385 -85.247424 -2 52909 55252 60 60 0
236 35.048651 -85.13452 -3 53880 56409 60 61 0
237 35.0083 -85.2069 -1 28315 30651 60 62 0
238 35.055332 -85.242872 -1 47613 49685 60 63 0
239 35.054574 -85.146014 -1 43500 45567 60 64 0
240 35.029996 -85.152913 -1 43357 45532 60 65 0
241 35.041217 -85.15343 -2 43288 45616 60 66 0
242 35.021036 -85.228633 -1 37175 39238 60 67 0
243 35.0354 -85.1621 -1 37457 39523 60 68 0
244 35.048057 -85.242233 -1 37714 39676 60 69 0
245 35.041396 -85.223824 -1 37818 39780 60 70 0
246 35.072902 -85.163231 -1 43911 46244 60 71 0
247 35.061062 -85.133705 -1 38173 40300 60 72 0
248 35.059785 -85.213619 -1 38549 40911 60 73 0
249 35.052087 -85.228505 -1 38232 40284 60 74 0
250 35.061203 -85.131689 -1 47086 49100 60 75 0
251 35.043704 -85.149707 -1 39184 41122 60 76 0
252 35.040959 -85.188526 -1 40044 42177 60 77 0
253 35.061802 -85.133796 -1 40442 42423 60 78 0
254 35.035091 -85.239279 -1 40217 42430 60 79 0
255 35.051377 -85.228932 -1 41722 43763 60 80 0
256 35.0719 -85.240687 -1 41509 43840 60 81 0
257 35.029996 -85.152913 -1 43044 45177 60 82 0
258 35.055278 -85.135408 -1 43214 45474 60 83 0
259 35.023827 -85.180296 -1 42192 44223 60 84 0
260 35.074146 -85.146364 -1 43368 45744 60 85 0
261 35.044303 -85.224108 -1 36152 38360 60 86 0
262 35.04518 -85.160245 -1 26583 28848 60 87 0
263 35.0354 -85.1621 -1 20202 22203 60 88 0
264 35.066571 -85.153198 -1 26456 28748 60 89 0
265 35.008759 -85.205521 -1 8169 10211 60 90 0
266 35.017577 -85.173208 -1 8421 10509 60 91 0
267 35.028346 -85.220447 -1 16574 18654 60 92 0
268 35.05471 -85.194245 -1 8701 10840 60 93 0
269 35.046292 -85.160705 -1 8934 10863 60 94 0
270 35.024853 -85.245605 -1 9096 11137 60 95 0
271 35.059166 -85.138105 -1 9206 11327 60 96 0
272 35.008568 -85.211381 -1 10002 12259 60 97 0
273 35.03497 -85.159068 -2 7841 10021 60 98 0
274 35.008568 -85.211381 -1 11067 13469 60 99 0
275 35.009534 -85.213112 -1 10593 12572 60 100 0
276 35.0083 -85.2069 -1 11371 13609 60 101 0
277 35.041211 -85.167023 -1 12724 14713 60 102 0
278 35.054264 -85.240847 -1 12898 14942 60 103 0
279 35.017475 -85.173279 -1 12966 14916 60 104 0
280 35.035 -85.239116 -1 13542 15777 60 105 0
281 35.0354 -85.1621 -1 13455 15528 60 106 0
282 35.029996 -85.152913 -1 13510 15523 60 107 0
283 35.024793 -85.246738 -1 11248 13737 60 108 0
284 35.045673 -85.137351 -1 14710 16742 60 109 0
285 35.029996 -85.152913 -1 9360 11430 60 110 0
286 35.053905 -85.193558 -1 5830 7959 60 111 0
287 35.0083 -85.2069 -1 27513 29697 60 112 0
288 35.074146 -85.146364 -4 786 3175 60 113 0
289 35.0083 -85.2069 -1 470 2610 60 114 0
290 35.028346 -85.220447 -1 14726 16770 60 115 0
291 35.049744 -85.238771 -1 53050 55487 60 116 0
292 35.070451 -85.134726 -1 2540 5026 60 117 0
293 35.0083 -85.2069 -1 2264 4477 60 118 0
294 35.043717 -85.14968 -1 2443 4563 60 119 0
295 35.0354 -85.1621 -1 2811 4839 60 120 0
296 35.034478 -85.152574 -1 5834 7959 60 121 0
297 35.057449 -85.196418 -1 4006 6227 60 122 0
298 35.047969 -85.240431 -1 6606 8860 60 123 0
299 35.059319 -85.211197 -1 4767 7107 60 124 0
300 35.069041 -85.141132 -1 4754 6944 60 125 0
301 35.04212 -85.23846 -1 5360 7571 60 126 0
302 35.024155 -85.246448 -1 8522 10413 60 127 0
303 35.031169 -85.231091 -1 51242 53223 60 128 0
304 35.029098 -85.155252 -1 5587 7618 60 129 0
305 35.024155 -85.246448 -1 6944 9002 60 130 0
306 35.022221 -85.159319 -1 14102 16168 60 131 0
307 35.070451 -85.134726 -1 53637 56064 60 132 0
308 35.024155 -85.246448 -1 3199 5148 60 133 0
309 35.057449 -85.196418 -1 43799 46048 60 134 0
310 35.024155 -85.246448 -1 23015 24977 60 135 0
311 35.0083 -85.2069 -1 23420 25593 60 136 0
312 35.00986 -85.216632 -1 23444 25601 60 137 0
313 35.024155 -85.246448 -1 23985 26405 60 138 0
314 35.0354 -85.1621 -1 23876 25948 60 139 0
315 35.046409 -85.165819 -1 23951 25929 60 140 0
316 35.0354 -85.1621 -1 24095 26167 60 141 0
317 35.044696 -85.164301 -1 24132 26031 60 142 0
318 35.052309 -85.175869 -1 23170 25379 60 143 0
319 35.0424 -85.238659 -1 24748 26659 60 144 0
320 35.024155 -85.246448 -1 25441 27421 60 145 0
321 35.0354 -85.1621 -1 26227 28347 60 146 0
322 35.029996 -85.152913 -1 25572 27651 60 147 0
323 35.0083 -85.2069 -1 26515 28851 60 148 0
324 35.038863 -85.1711 -1 26220 28335 60 149 0
325 35.024155 -85.246448 -1 26689 28705 60 150 0
326 35.024155 -85.246448 -1 27147 29057 60 151 0
327 35.023687 -85.158543 -1 15100 17564 60 152 0
328 35.024155 -85.246448 -1 25427 27847 60 153 0
329 35.039848 -85.151943 -1 23522 25413 60 154 0
330 35.004791 -85.150648 -1 26223 28340 60 155 0
331 35.055278 -85.135408 -1 22518 24696 60 156 0
332 35.03497 -85.159068 -1 22724 24878 60 157 0
333 35.04212 -85.23846 -1 17508 19424 60 158 0
334 35.024776 -85.246732 -1 18383 20687 60 159 0
335 35.051884 -85.16602 -1 18640 20952 60 160 0
336 35.024155 -85.246448 -1 18313 20253 60 161 0
337 35.055312 -85.135467 -1 19246 21733 60 162 0
338 35.024155 -85.246448 -1 19847 21921 60 163 0
339 35.007019 -85.210118 -1 19824 21843 60 164 0
340 35.013954 -85.157366 -1 19884 21917 60 165 0
341 35.04212 -85.23846 -1 18184 20361 60 166 0
342 35.024155 -85.246448 -1 15821 17734 60 167 0
343 35.024155 -85.246448 -1 20407 22347 60 168 0
344 35.022682 -85.16069 -1 21430 23552 60 169 0
345 35.04212 -85.23846 -1 40454 42894 60 170 0
346 35.0083 -85.2069 -1 21352 23510 60 171 0
347 35.026195 -85.221012 -1 21491 23550 60 172 0
348 35.0354 -85.1621 -1 21879 24087 60 173 0
349 35.0157 -85.1922 -1 20099 22170 60 174 0
350 35.0083 -85.2069 -1 22488 24822 60 175 0
