4 12 60
0 35.057 -85.269 0 0 55200 0 0 0
1 35.072902 -85.163231 1 38250 40050 60 0 66
2 35.0083 -85.2069 1 36830 38630 60 0 67
3 35.0083 -85.2069 1 36559 38359 60 0 68
4 35.045788 -85.156231 3 36366 38166 60 0 69
5 35.023258 -85.197652 1 49548 51348 60 0 70
6 35.026728 -85.170762 1 35847 37647 60 0 71
7 35.04894 -85.134762 1 31645 33445 60 0 72
8 35.024155 -85.246448 1 34006 35806 60 0 73
9 35.0083 -85.2069 1 32071 33871 60 0 74
10 35.022257 -85.241334 2 31095 32895 60 0 75
11 35.04488 -85.161444 2 31500 33300 60 0 76
12 35.0354 -85.1621 1 29616 31416 60 0 77
13 35.033794 -85.239677 1 38424 40224 60 0 78
14 35.024312 -85.246691 1 34617 36417 60 0 79
15 35.0083 -85.2069 1 38988 40788 60 0 80
16 35.0083 -85.2069 1 43751 45551 60 0 81
17 35.024155 -85.246448 1 40096 41896 60 0 82
18 35.0083 -85.2069 1 41100 42900 60 0 83
19 35.034545 -85.158768 1 40867 42667 60 0 84
20 35.042971 -85.158923 1 40921 42721 60 0 85
21 35.0354 -85.1621 1 40960 42760 60 0 86
22 35.033145 -85.151301 1 42094 43894 60 0 87
23 35.010792 -85.222724 1 44100 45900 60 0 88
24 35.036547 -85.160099 1 43690 45490 60 0 89
25 35.055278 -85.135408 1 47100 48900 60 0 90
26 35.0083 -85.2069 1 46175 47975 60 0 91
27 35.0083 -85.2069 1 46327 48127 60 0 92
28 35.069041 -85.141132 1 46452 48252 60 0 93
29 35.056186 -85.156781 1 48383 50183 60 0 94
30 35.061203 -85.131689 2 28579 30379 60 0 95
31 35.017578 -85.17321 1 39999 41799 60 0 96
32 35.032854 -85.15476 1 26863 28663 60 0 97
33 35.024155 -85.246448 1 19111 20911 60 0 98
34 35.04488 -85.161444 1 24905 26705 60 0 99
35 35.05283 -85.241568 1 2700 4500 60 0 100
36 35.024806 -85.178157 1 1669 3469 60 0 101
37 35.035163 -85.161253 1 1888 3688 60 0 102
38 35.043037 -85.159078 1 3216 5016 60 0 103
39 35.0354 -85.1621 1 8100 9900 60 0 104
40 35.055278 -85.135408 1 38700 40500 60 0 105
41 35.008846 -85.204602 2 8723 10523 60 0 106
42 35.073338 -85.201794 1 24944 26744 60 0 107
43 35.04212 -85.23846 1 10187 11987 60 0 108
44 35.022364 -85.197534 1 12300 14100 60 0 109
45 35.017789 -85.191201 1 10435 12235 60 0 110
46 35.032793 -85.239713 1 11100 12900 60 0 111
47 35.042112 -85.238438 1 10638 12438 60 0 112
48 35.074248 -85.175808 1 12300 14100 60 0 113
49 35.023827 -85.180296 1 12700 14500 60 0 114
50 35.045673 -85.137351 1 13500 15300 60 0 115
51 35.0083 -85.2069 1 51300 53100 60 0 116
52 35.050401 -85.178685 1 17100 18900 60 0 117
53 35.01757 -85.206107 1 22874 24674 60 0 118
54 35.051199 -85.242422 1 22774 24574 60 0 119
55 35.01757 -85.206107 1 21039 22839 60 0 120
56 35.021046 -85.141334 1 19348 21148 60 0 121
57 35.024155 -85.246448 1 19241 21041 60 0 122
58 35.043294 -85.219733 1 20212 22012 60 0 123
59 35.023963 -85.17959 2 19184 20984 60 0 124
60 35.009534 -85.213112 1 19147 20947 60 0 125
61 35.047092 -85.237302 1 16474 18274 60 0 126
62 35.036424 -85.177102 1 15245 17045 60 0 127
63 35.0083 -85.2069 1 14744 16544 60 0 128
64 35.040094 -85.150963 1 14700 16500 60 0 129
65 35.0083 -85.2069 1 19232 21032 60 0 130
66 35.010792 -85.222724 -1 39823 42127 60 1 0
67 35.051199 -85.242422 -1 38408 40716 60 2 0
68 35.048556 -85.242571 -1 38090 40363 60 3 0
69 35.061632 -85.13329 -3 37529 39526 60 4 0
70 35.0083 -85.2069 -1 50662 52622 60 5 0
71 35.0354 -85.1621 -1 36951 38904 60 6 0
72 35.024958 -85.247783 -1 33437 35906 60 7 0
73 35.04212 -85.23846 -1 35061 36977 60 8 0
74 35.055278 -85.135408 -1 33686 36022 60 9 0
75 35.00887 -85.205104 -2 32380 34468 60 10 0
76 35.01185 -85.21184 -2 32792 34886 60 11 0
77 35.048892 -85.134768 -1 30983 33133 60 12 0
78 35.0083 -85.2069 -1 39844 42034 60 13 0
79 35.073423 -85.240913 -1 35997 38157 60 14 0
80 35.038021 -85.240163 -1 40402 42587 60 15 0
81 35.048556 -85.242571 -1 45282 47555 60 16 0
82 35.05283 -85.241568 -1 41295 43319 60 17 0
83 35.042112 -85.238438 -1 42548 44759 60 18 0
84 35.023827 -85.180296 -1 42249 44410 60 19 0
85 35.072867 -85.131414 -1 42318 44490 60 20 0
86 35.023827 -85.180296 -1 42168 44199 60 21 0
87 35.025967 -85.17111 -1 43334 45389 60 22 0
88 35.072902 -85.163231 -1 45679 47988 60 23 0
89 35.024806 -85.178157 -1 44922 46971 60 24 0
90 35.0354 -85.1621 -1 48487 50652 60 25 0
91 35.059791 -85.211005 -1 47788 50122 60 26 0
92 35.033794 -85.239677 -1 47747 49937 60 27 0
93 35.029968 -85.156058 -1 47947 50193 60 28 0
94 35.050401 -85.178685 -1 49570 51585 60 29 0
95 35.0354 -85.1621 -2 29927 32063 60 30 0
96 35.016235 -85.199959 -1 41111 43070 60 31 0
97 35.01757 -85.206107 -1 28272 30453 60 32 0
98 35.031756 -85.242255 -1 20076 21924 60 33 0
99 35.01757 -85.206107 -1 26106 28131 60 34 0
100 35.024155 -85.246448 -1 3902 5928 60 35 0
101 35.0354 -85.1621 -1 2873 4901 60 36 0
102 35.073338 -85.201794 -1 3324 5526 60 37 0
103 35.069041 -85.141132 -1 4636 6826 60 38 0
104 35.055278 -85.135408 -1 9505 11683 60 39 0
105 35.0354 -85.1621 -1 40087 42252 60 40 0
106 35.035 -85.239116 -2 10211 12452 60 41 0
107 35.0083 -85.2069 -1 26430 28669 60 42 0
108 35.022364 -85.197534 -1 11641 13856 60 43 0
109 35.04212 -85.23846 -1 13753 15967 60 44 0
110 35.029609 -85.191331 -1 11719 13807 60 45 0
111 35.010724 -85.218213 -1 12345 14403 60 46 0
112 35.008568 -85.211381 -1 12042 14220 60 47 0
113 35.023288 -85.223848 -1 13856 16148 60 48 0
114 35.034545 -85.158768 -1 14123 16315 60 49 0
115 35.040094 -85.150963 -1 14644 16627 60 50 0
116 35.074146 -85.146364 -1 52968 55344 60 51 0
117 35.056186 -85.156781 -1 18290 20307 60 52 0
118 35.04488 -85.161444 -1 24077 26104 60 53 0
119 35.0083 -85.2069 -1 24352 26660 60 54 0
120 35.04488 -85.161444 -1 22242 24269 60 55 0
121 35.013954 -85.157366 -1 20559 22592 60 56 0
122 35.048556 -85.242571 -1 20379 22357 60 57 0
123 35.0083 -85.2069 -1 21602 23769 60 58 0
124 35.0354 -85.1621 -2 20418 22468 60 59 0
125 35.026136 -85.223462 -1 20315 22316 60 60 0
126 35.012256 -85.212217 -1 17875 20050 60 61 0
127 35.03801 -85.147252 -1 16442 18464 60 62 0
128 35.032793 -85.239713 -1 16141 18313 60 63 0
129 35.045673 -85.137351 -1 15852 17841 60 64 0
130 35.066571 -85.153198 -1 20788 23080 60 65 0
