4 12 60
0 35.057 -85.269 0 0 55200 0 0 0
1 35.074465 -85.239589 1 7089 8889 60 0 7
2 35.0727 -85.241354 1 1016 2816 60 0 8
3 35.08114 -85.213957 1 7418 9218 60 0 9
4 35.063866 -85.202408 2 0 1444 60 0 10
5 35.069767 -85.241203 1 0 1140 60 0 11
6 35.0354 -85.1621 1 377 2177 60 0 12
7 35.057549 -85.244633 -1 8272 10284 60 1 0
8 35.056651 -85.24406 -1 2166 4153 60 2 0
9 35.057576 -85.244094 -1 8744 10863 60 3 0
10 35.02606 -85.166874 -2 1241 3563 60 4 0
11 35.050095 -85.241547 -1 597 2664 60 5 0
12 35.029996 -85.152913 -1 1583 3612 60 6 0
