4 12 60
0 35.057 -85.269 0 0 55200 0 0 0
1 35.072867 -85.131414 1 34475 36275 60 0 142
2 35.0354 -85.1621 1 34847 36647 60 0 143
3 35.0083 -85.2069 1 35147 36947 60 0 144
4 35.024804 -85.246742 1 35605 37405 60 0 145
5 35.0083 -85.2069 1 35644 37444 60 0 146
6 35.0083 -85.2069 1 42900 44700 60 0 147
7 35.004791 -85.150648 1 36927 38727 60 0 148
8 35.011217 -85.213309 1 36825 38625 60 0 149
9 35.011217 -85.213309 1 36913 38713 60 0 150
10 35.0083 -85.2069 1 37401 39201 60 0 151
11 35.029996 -85.152913 1 37989 39789 60 0 152
12 35.029996 -85.152913 1 38046 39846 60 0 153
13 35.039104 -85.236282 2 34387 36187 60 0 154
14 35.0083 -85.2069 1 36746 38546 60 0 155
15 35.008056 -85.154722 1 38378 40178 60 0 156
16 35.0354 -85.1621 1 30300 32100 60 0 157
17 35.024611 -85.155682 1 34042 35842 60 0 158
18 35.006848 -85.213485 1 38564 40364 60 0 159
19 35.047092 -85.237302 1 30289 32089 60 0 160
20 35.013522 -85.228092 1 31228 33028 60 0 161
21 35.070451 -85.134726 1 32700 34500 60 0 162
22 35.0083 -85.2069 1 31844 33644 60 0 163
23 35.0083 -85.2069 1 31918 33718 60 0 164
24 35.03349 -85.241886 1 31943 33743 60 0 165
25 35.010777 -85.214055 1 32111 33911 60 0 166
26 35.0083 -85.2069 1 32944 34744 60 0 167
27 35.0083 -85.2069 1 33091 34891 60 0 168
28 35.069041 -85.141132 1 33900 35700 60 0 169
29 35.04488 -85.161444 2 33900 35700 60 0 170
30 35.027018 -85.22319 1 34500 36300 60 0 171
31 35.044971 -85.154938 1 35100 36900 60 0 172
32 35.024155 -85.246448 1 33900 35700 60 0 173
33 35.012054 -85.212676 2 34360 36160 60 0 174
34 35.029609 -85.191331 1 38700 40500 60 0 175
35 35.043717 -85.14968 1 44961 46761 60 0 176
36 35.0083 -85.2069 1 39900 41700 60 0 177
37 35.024155 -85.246448 1 46248 48048 60 0 178
38 35.069041 -85.141132 1 46535 48335 60 0 179
39 35.07506 -85.183982 1 46892 48692 60 0 180
40 35.025402 -85.178602 1 47696 49496 60 0 181
41 35.043556 -85.16685 1 47967 49767 60 0 182
42 35.0354 -85.1621 1 47980 49780 60 0 183
43 35.0083 -85.2069 2 46051 47851 60 0 184
44 35.024155 -85.246448 1 49740 51540 60 0 185
45 35.0083 -85.2069 1 50886 52686 60 0 186
46 35.029996 -85.152913 1 50993 52793 60 0 187
47 35.03675 -85.160284 1 51334 53134 60 0 188
48 35.04488 -85.161444 1 51913 53713 60 0 189
49 35.0083 -85.2069 2 53006 54806 60 0 190
50 35.055278 -85.135408 1 29820 31620 60 0 191
51 35.035178 -85.239276 2 50017 51817 60 0 192
52 35.032494 -85.22985 1 38873 40673 60 0 193
53 35.0083 -85.2069 1 46017 47817 60 0 194
54 35.008568 -85.211381 1 43909 45709 60 0 195
55 35.057218 -85.149536 1 42300 44100 60 0 196
56 35.021993 -85.172857 1 40272 42072 60 0 197
57 35.053905 -85.193558 1 40516 42316 60 0 198
58 35.0354 -85.1621 1 40608 42408 60 0 199
59 35.07506 -85.183982 1 41197 42997 60 0 200
60 35.069041 -85.141132 1 41327 43127 60 0 201
61 35.037449 -85.197011 1 45770 47570 60 0 202
62 35.029996 -85.152913 2 41350 43150 60 0 203
63 35.072902 -85.163231 1 42432 44232 60 0 204
64 35.034076 -85.158739 1 42528 44328 60 0 205
65 35.022463 -85.195206 1 42639 44439 60 0 206
66 35.043037 -85.159078 1 42977 44777 60 0 207
67 35.024335 -85.246657 2 42996 44796 60 0 208
68 35.024155 -85.246448 1 43500 45300 60 0 209
69 35.037449 -85.197011 1 41907 43707 60 0 210
70 35.044303 -85.224108 1 29819 31619 60 0 211
71 35.0083 -85.2069 1 29471 31271 60 0 212
72 35.061203 -85.131689 2 30300 32100 60 0 213
73 35.07218 -85.240934 1 9419 11219 60 0 214
74 35.0354 -85.1621 1 9448 11248 60 0 215
75 35.008315 -85.204927 1 9966 11766 60 0 216
76 35.072595 -85.241213 1 10258 12058 60 0 217
77 35.019189 -85.225991 1 10954 12754 60 0 218
78 35.042112 -85.238438 1 12270 14070 60 0 219
79 35.050401 -85.178685 1 9371 11171 60 0 220
80 35.023827 -85.180296 1 12369 14169 60 0 221
81 35.0354 -85.1621 1 14096 15896 60 0 222
82 35.04212 -85.23846 1 14703 16503 60 0 223
83 35.0424 -85.238659 1 14870 16670 60 0 224
84 35.024155 -85.246448 1 14888 16688 60 0 225
85 35.023043 -85.196651 1 15141 16941 60 0 226
86 35.0083 -85.2069 1 15875 17675 60 0 227
87 35.054574 -85.146014 1 13937 15737 60 0 228
88 35.051266 -85.235119 1 16856 18656 60 0 229
89 35.061107 -85.133868 1 8508 10308 60 0 230
90 35.051468 -85.241562 1 8035 9835 60 0 231
91 35.043294 -85.219733 1 0 917 60 0 232
92 35.012388 -85.189531 1 29740 31540 60 0 233
93 35.051283 -85.165011 1 414 2214 60 0 234
94 35.0083 -85.2069 1 4500 6300 60 0 235
95 35.0083 -85.2069 1 2693 4493 60 0 236
96 35.017177 -85.190174 1 3300 5100 60 0 237
97 35.021036 -85.228633 1 8053 9853 60 0 238
98 35.043275 -85.159108 1 3430 5230 60 0 239
99 35.027684 -85.155875 1 4359 6159 60 0 240
100 35.038446 -85.1957 1 4984 6784 60 0 241
101 35.061062 -85.133705 1 5298 7098 60 0 242
102 35.024155 -85.246448 1 8100 9900 60 0 243
103 35.044696 -85.164301 1 6846 8646 60 0 244
104 35.044296 -85.22413 1 7869 9669 60 0 245
105 35.027778 -85.156314 1 4074 5874 60 0 246
106 35.008568 -85.211381 1 17202 19002 60 0 247
107 35.005373 -85.149152 1 267 2067 60 0 248
108 35.024155 -85.246448 1 17471 19271 60 0 249
109 35.051199 -85.242422 1 25488 27288 60 0 250
110 35.0083 -85.2069 1 25848 27648 60 0 251
111 35.024155 -85.246448 1 26025 27825 60 0 252
112 35.012787 -85.21436 1 26032 27832 60 0 253
113 35.0354 -85.1621 1 26077 27877 60 0 254
114 35.0083 -85.2069 1 26099 27899 60 0 255
115 35.043548 -85.157666 1 26100 27900 60 0 256
116 35.042112 -85.238438 1 27900 29700 60 0 257
117 35.0354 -85.1621 1 27009 28809 60 0 258
118 35.041209 -85.153396 1 27701 29501 60 0 259
119 35.008568 -85.211381 1 28024 29824 60 0 260
120 35.049929 -85.194505 1 28872 30672 60 0 261
121 35.0354 -85.1621 2 29169 30969 60 0 262
122 35.052555 -85.180038 1 17317 19117 60 0 263
123 35.048556 -85.242571 1 26863 28663 60 0 264
124 35.043548 -85.157666 1 24247 26047 60 0 265
125 35.055278 -85.135408 1 29686 31486 60 0 266
126 35.033431 -85.151947 1 23270 25070 60 0 267
127 35.024611 -85.155682 1 26700 28500 60 0 268
128 35.020312 -85.226641 1 17891 19691 60 0 269
129 35.026136 -85.223462 1 17908 19708 60 0 270
130 35.041396 -85.223824 1 18219 20019 60 0 271
131 35.04738 -85.16712 1 18484 20284 60 0 272
132 35.024155 -85.246448 1 19750 21550 60 0 273
133 35.024155 -85.246448 1 20014 21814 60 0 274
134 35.032793 -85.239713 2 19015 20815 60 0 275
135 35.017761 -85.172293 2 20749 22549 60 0 276
136 35.016982 -85.150651 1 20819 22619 60 0 277
137 35.033794 -85.239677 1 21269 23069 60 0 278
138 35.03286 -85.242462 1 21665 23465 60 0 279
139 35.052555 -85.180038 1 22428 24228 60 0 280
140 35.0083 -85.2069 2 22652 24452 60 0 281
141 35.013057 -85.16034 1 20329 22129 60 0 282
142 35.0083 -85.2069 -1 36242 38692 60 1 0
143 35.055278 -85.135408 -1 36252 38430 60 2 0
144 35.044303 -85.224108 -1 36591 38799 60 3 0
145 35.057218 -85.149537 -1 37447 39953 60 4 0
146 35.019188 -85.22599 -1 36844 38869 60 5 0
147 35.072902 -85.163231 -1 44511 46844 60 6 0
148 35.029996 -85.152913 -1 38164 40216 60 7 0
149 35.037449 -85.197011 -1 38054 40100 60 8 0
150 35.041312 -85.153865 -1 38264 40402 60 9 0
151 35.03349 -85.241886 -1 38837 41039 60 10 0
152 35.055278 -85.135408 -1 39313 41431 60 11 0
153 35.055278 -85.135408 -1 39370 41488 60 12 0
154 35.024853 -85.245605 -2 35447 37367 60 13 0
155 35.033794 -85.239677 -1 38166 40356 60 14 0
156 35.044971 -85.154938 -1 39766 41932 60 15 0
157 35.022682 -85.16069 -1 31505 33533 60 16 0
158 35.034907 -85.152352 -1 35152 37109 60 17 0
159 35.070451 -85.134726 -1 40323 42767 60 18 0
160 35.024155 -85.246448 -1 31376 33316 60 19 0
161 35.073431 -85.240936 -1 32769 35049 60 20 0
162 35.008409 -85.214982 -1 34453 36892 60 21 0
163 35.051266 -85.235119 -1 33353 35609 60 22 0
164 35.033794 -85.239677 -1 33338 35528 60 23 0
165 35.0083 -85.2069 -1 33379 35581 60 24 0
166 35.021036 -85.228633 -1 33247 35224 60 25 0
167 35.020312 -85.226641 -1 34168 36211 60 26 0
168 35.046553 -85.233201 -1 34576 36814 60 27 0
169 35.04488 -85.161444 -1 35220 37335 60 28 0
170 35.005373 -85.149152 -2 35323 37515 60 29 0
171 35.0083 -85.2069 -1 35774 37854 60 30 0
172 35.008056 -85.154722 -1 36502 38678 60 31 0
173 35.03286 -85.242462 -1 34924 36817 60 32 0
174 35.037449 -85.197011 -2 35604 37662 60 33 0
175 35.03801 -85.147252 -1 40045 42178 60 34 0
176 35.023043 -85.196651 -1 46272 48380 60 35 0
177 35.027018 -85.22319 -1 41178 43261 60 36 0
178 35.036631 -85.240932 -1 47252 49130 60 37 0
179 35.029968 -85.156058 -1 48030 50276 60 38 0
180 35.044696 -85.164301 -1 48236 50369 60 39 0
181 35.070095 -85.138374 -1 49191 51437 60 40 0
182 35.051884 -85.16602 -1 49002 50903 60 41 0
183 35.074146 -85.146364 -1 49490 51747 60 42 0
184 35.031616 -85.154008 -2 47588 49865 60 43 0
185 35.031756 -85.242255 -1 50705 52553 60 44 0
186 35.074146 -85.146364 -1 52554 54930 60 45 0
187 35.043037 -85.159078 -1 52144 54132 60 46 0
188 35.029084 -85.15537 -1 52521 54536 60 47 0
189 35.005373 -85.149152 -1 53336 55528 60 48 0
190 35.024396 -85.172461 -2 54415 56596 60 49 0
191 35.029996 -85.152913 -1 31146 33265 60 50 0
192 35.0083 -85.2069 -2 51462 53670 60 51 0
193 35.072936 -85.240604 -1 40312 42516 60 52 0
194 35.035364 -85.220634 -1 47336 49450 60 53 0
195 35.042112 -85.238438 -1 45312 47489 60 54 0
196 35.026877 -85.157362 -1 43709 45890 60 55 0
197 35.0354 -85.1621 -1 41434 43430 60 56 0
198 35.061062 -85.133705 -1 41852 43979 60 57 0
199 35.023827 -85.180296 -1 41816 43847 60 58 0
200 35.017177 -85.190174 -1 42797 45122 60 59 0
201 35.005371 -85.149155 -1 43100 45554 60 60 0
202 35.0354 -85.1621 -1 47039 49115 60 61 0
203 35.061156 -85.134262 -2 42670 44785 60 62 0
204 35.0354 -85.1621 -1 43876 46084 60 63 0
205 35.0516 -85.153172 -1 43862 45987 60 64 0
206 35.069041 -85.141132 -1 44239 46564 60 65 0
207 35.029996 -85.152913 -1 44135 46128 60 66 0
208 35.039104 -85.236282 -2 44042 45951 60 67 0
209 35.039104 -85.236282 -1 44541 46446 60 68 0
210 35.0354 -85.1621 -1 43176 45252 60 69 0
211 35.0083 -85.2069 -1 31263 33471 60 70 0
212 35.051199 -85.242422 -1 31049 33357 60 71 0
213 35.029996 -85.152913 -2 31659 33803 60 72 0
214 35.008568 -85.211381 -1 11123 13526 60 73 0
215 35.055277 -85.135408 -1 10853 13031 60 74 0
216 35.035 -85.239116 -1 11458 13702 60 75 0
217 35.013432 -85.228443 -1 11778 14043 60 76 0
218 35.0083 -85.2069 -1 12151 14173 60 77 0
219 35.008568 -85.211381 -1 13674 15852 60 78 0
220 35.056186 -85.156781 -1 10561 12578 60 79 0
221 35.0354 -85.1621 -1 13634 15707 60 80 0
222 35.016982 -85.150651 -1 15378 17464 60 81 0
223 35.010777 -85.2182 -1 15998 18094 60 82 0
224 35.024155 -85.246448 -1 15921 17834 60 83 0
225 35.031455 -85.242672 -1 15850 17696 60 84 0
226 35.043717 -85.14968 -1 16468 18588 60 85 0
227 35.052555 -85.180038 -1 17284 19465 60 86 0
228 35.040094 -85.150963 -1 15046 17002 60 87 0
229 35.024155 -85.246448 -1 17976 19941 60 88 0
230 35.011279 -85.213287 -1 9972 12195 60 89 0
231 35.024853 -85.245605 -1 9257 11298 60 90 0
232 35.0083 -85.2069 -1 507 2674 60 91 0
233 35.0083 -85.2069 -1 31052 33161 60 92 0
234 35.024155 -85.246448 -1 1977 4274 60 93 0
235 35.047969 -85.240431 -1 6006 8260 60 94 0
236 35.012381 -85.189709 -1 4031 6159 60 95 0
237 35.07506 -85.183982 -1 4895 7216 60 96 0
238 35.009534 -85.213112 -1 9192 11171 60 97 0
239 35.069041 -85.141132 -1 4838 7019 60 98 0
240 35.068336 -85.141445 -1 5932 8236 60 99 0
241 35.0083 -85.2069 -1 6256 8335 60 100 0
242 35.053905 -85.193558 -1 6637 8766 60 101 0
243 35.05471 -85.194245 -1 9452 11591 60 102 0
244 35.063018 -85.157154 -1 7929 9866 60 103 0
245 35.024155 -85.246448 -1 9053 11066 60 104 0
246 35.06863 -85.141188 -1 5638 7936 60 105 0
247 35.042112 -85.238438 -1 18605 20782 60 106 0
248 35.069041 -85.141132 -1 2090 4582 60 107 0
249 35.044296 -85.22413 -1 18649 20657 60 108 0
250 35.0083 -85.2069 -1 27066 29374 60 109 0
251 35.04212 -85.23846 -1 27296 29507 60 110 0
252 35.031756 -85.242255 -1 26990 28838 60 111 0
253 35.029609 -85.191331 -1 27215 29227 60 112 0
254 35.029996 -85.152913 -1 27283 29312 60 113 0
255 35.041396 -85.223824 -1 27518 29707 60 114 0
256 35.008232 -85.214735 -1 27500 29675 60 115 0
257 35.008568 -85.211381 -1 29304 31482 60 116 0
258 35.024611 -85.155682 -1 28199 30216 60 117 0
259 35.004791 -85.150648 -1 29010 31116 60 118 0
260 35.032494 -85.22985 -1 29422 31595 60 119 0
261 35.024155 -85.246448 -1 30315 32522 60 120 0
262 35.017761 -85.172293 -2 30399 32446 60 121 0
263 35.0157 -85.1922 -1 18678 20823 60 122 0
264 35.024155 -85.246448 -1 28004 29984 60 123 0
265 35.008232 -85.214735 -1 25647 27822 60 124 0
266 35.029996 -85.152913 -1 31012 33131 60 125 0
267 35.054574 -85.146014 -1 24450 26460 60 126 0
268 35.029996 -85.152913 -1 27783 29720 60 127 0
269 35.0083 -85.2069 -1 19115 21158 60 128 0
270 35.0083 -85.2069 -1 19175 21250 60 129 0
271 35.010777 -85.2182 -1 19478 21547 60 130 0
272 35.029098 -85.155252 -1 19692 21723 60 131 0
273 35.033398 -85.241442 -1 20730 22590 60 132 0
274 35.051884 -85.16602 -1 21597 23909 60 133 0
275 35.0083 -85.2069 -2 20416 22591 60 134 0
276 35.0354 -85.1621 -2 21888 23867 60 135 0
277 35.026877 -85.157362 -1 21899 23834 60 136 0
278 35.0083 -85.2069 -1 22689 24879 60 137 0
279 35.024155 -85.246448 -1 22689 24582 60 138 0
280 35.0083 -85.2069 -1 23826 25999 60 139 0
281 35.032793 -85.239713 -2 24049 26221 60 140 0
282 35.012019 -85.214708 -1 21642 23751 60 141 0
